 	1
1	255.000
2	3.355
3	248.289
4	255.000
5	255.000
6	255.000
7	255.000
8	255.000
9	255.000
10	255.000
11	255.000
12	255.000
13	255.000
14	255.000
15	255.000
16	255.000
17	255.000
18	255.000
19	255.000
20	255.000
21	255.000
22	255.000
23	255.000
24	255.000
25	255.000
26	255.000
27	87.237
28	164.408
29	255.000
30	216.039
31	230.132
32	255.000
33	255.000
34	255.000
35	255.000
36	255.000
37	255.000
38	255.000
39	255.000
40	255.000
41	255.000
42	255.000
43	255.000
44	255.000
45	255.000
46	255.000
47	255.000
48	255.000
49	255.000
50	255.000
51	255.000
52	255.000
53	255.000
54	255.000
55	255.000
56	255.000
57	255.000
58	255.000
59	255.000
60	255.000
61	255.000
62	255.000
63	255.000
64	255.000
65	255.000
66	255.000
67	255.000
68	255.000
69	255.000
70	255.000
71	255.000
72	255.000
73	255.000
74	255.000
75	255.000
76	255.000
77	255.000
78	255.000
79	255.000
80	255.000
81	255.000
82	255.000
83	255.000
84	255.000
85	255.000
86	255.000
87	255.000
88	255.000
89	255.000
90	255.000
91	255.000
92	255.000
93	255.000
94	255.000
95	255.000
96	255.000
97	255.000
98	255.000
99	255.000
100	255.000
101	255.000
102	255.000
103	255.000
104	255.000
105	255.000
106	255.000
107	255.000
108	255.000
109	255.000
110	255.000
111	255.000
112	255.000
113	255.000
114	255.000
115	255.000
116	255.000
117	255.000
118	255.000
119	255.000
120	255.000
121	255.000
122	255.000
123	255.000
124	255.000
125	255.000
126	255.000
127	255.000
128	255.000
129	255.000
130	255.000
131	255.000
132	255.000
133	255.000
134	255.000
135	255.000
136	255.000
137	255.000
138	255.000
139	255.000
140	255.000
141	255.000
142	255.000
143	255.000
144	255.000
145	255.000
146	255.000
147	255.000
148	255.000
149	255.000
150	255.000
151	255.000
152	255.000
153	255.000
