0.01666666666666667
0.03333333333333333
0.05
0.06666666666666667
0.08333333333333333
0.1
0.1166666666666667
0.1333333333333333
0.15
0.1666666666666667
0.1833333333333333
0.2
0.2166666666666667
0.2333333333333333
0.25
0.2666666666666667
0.2833333333333333
0.3
0.3166666666666667
0.3333333333333333
0.35
0.3666666666666666
0.3833333333333334
0.4
0.4166666666666667
0.4333333333333333
0.45
0.4666666666666667
0.4833333333333333
0.5
0.5166666666666667
0.5333333333333333
0.55
0.5666666666666667
0.5833333333333334
0.6
0.6166666666666667
0.6333333333333333
0.65
0.6666666666666666
0.6833333333333333
0.7
0.7166666666666667
0.7333333333333333
0.75
0.7666666666666667
0.7833333333333333
0.8
0.8166666666666667
0.8333333333333334
0.85
0.8666666666666667
0.8833333333333333
0.9
0.9166666666666666
0.9333333333333333
0.95
0.9666666666666667
0.9833333333333333
1
1.016666666666667
1.033333333333333
1.05
1.066666666666667
1.083333333333333
1.1
1.116666666666667
1.133333333333333
1.15
1.166666666666667
1.183333333333333
1.2
1.216666666666667
1.233333333333333
1.25
1.266666666666667
1.283333333333333
1.3
1.316666666666667
1.333333333333333
1.35
1.366666666666667
1.383333333333333
1.4
1.416666666666667
1.433333333333333
1.45
1.466666666666667
1.483333333333333
1.5
1.516666666666667
1.533333333333333
1.55
1.566666666666667
1.583333333333333
1.6
1.616666666666667
1.633333333333333
1.65
1.666666666666667
1.683333333333333
1.7
1.716666666666667
1.733333333333333
1.75
1.766666666666667
1.783333333333333
1.8
1.816666666666667
1.833333333333333
1.85
1.866666666666667
1.883333333333333
1.9
1.916666666666667
1.933333333333333
1.95
1.966666666666667
1.983333333333333
2
2.016666666666667
2.033333333333333
2.05
2.066666666666667
2.083333333333333
2.1
2.116666666666667
2.133333333333333
2.15
2.166666666666667
2.183333333333333
2.2
2.216666666666667
2.233333333333333
2.25
2.266666666666667
2.283333333333333
2.3
2.316666666666667
2.333333333333333
2.35
2.366666666666667
2.383333333333333
2.4
2.416666666666667
2.433333333333333
2.45
2.466666666666667
2.483333333333333
2.5
2.516666666666667
2.533333333333333
2.55
2.566666666666667
2.583333333333333
2.6
2.616666666666667
2.633333333333333
2.65
2.666666666666667
2.683333333333333
2.7
2.716666666666667
2.733333333333333
2.75
2.766666666666667
2.783333333333333
2.8
2.816666666666667
2.833333333333333
2.85
2.866666666666667
2.883333333333333
2.9
2.916666666666667
2.933333333333333
2.95
2.966666666666667
2.983333333333333
3
3.016666666666667
3.033333333333333
3.05
3.066666666666667
3.083333333333333
3.1
3.116666666666667
3.133333333333333
3.15
3.166666666666667
3.183333333333333
3.2
3.216666666666667
3.233333333333333
3.25
3.266666666666667
3.283333333333333
3.3
3.316666666666667
3.333333333333333
3.35
3.366666666666667
3.383333333333333
3.4
3.416666666666667
3.433333333333333
3.45
3.466666666666667
3.483333333333333
3.5
3.516666666666667
3.533333333333333
3.55
3.566666666666667
3.583333333333333
3.6
3.616666666666667
3.633333333333333
3.65
3.666666666666667
3.683333333333333
3.7
3.716666666666667
3.733333333333333
3.75
3.766666666666667
3.783333333333333
3.8
3.816666666666667
3.833333333333333
3.85
3.866666666666667
3.883333333333333
3.9
3.916666666666667
3.933333333333333
3.95
3.966666666666667
3.983333333333333
4
4.016666666666667
4.033333333333333
4.05
4.066666666666666
4.083333333333333
4.1
4.116666666666666
4.133333333333334
4.15
4.166666666666667
4.183333333333334
4.2
4.216666666666667
4.233333333333333
4.25
4.266666666666667
4.283333333333333
4.3
4.316666666666666
4.333333333333333
4.35
4.366666666666666
4.383333333333334
4.4
4.416666666666667
4.433333333333334
4.45
4.466666666666667
4.483333333333333
4.5
4.516666666666667
4.533333333333333
4.55
4.566666666666666
4.583333333333333
4.6
4.616666666666666
4.633333333333334
4.65
4.666666666666667
4.683333333333334
4.7
4.716666666666667
4.733333333333333
4.75
4.766666666666667
4.783333333333333
4.8
4.816666666666666
4.833333333333333
4.85
4.866666666666666
4.883333333333334
4.9
4.916666666666667
4.933333333333334
4.95
4.966666666666667
4.983333333333333
5
5.016666666666667
5.033333333333333
5.05
5.066666666666666
5.083333333333333
5.1
5.116666666666666
5.133333333333334
5.15
5.166666666666667
5.183333333333334
5.2
5.216666666666667
5.233333333333333
5.25
5.266666666666667
5.283333333333333
5.3
5.316666666666666
5.333333333333333
5.35
5.366666666666666
5.383333333333334
5.4
5.416666666666667
5.433333333333334
5.45
5.466666666666667
5.483333333333333
5.5
5.516666666666667
5.533333333333333
5.55
5.566666666666666
5.583333333333333
5.6
5.616666666666666
5.633333333333334
5.65
5.666666666666667
5.683333333333334
5.7
5.716666666666667
5.733333333333333
5.75
5.766666666666667
5.783333333333333
5.8
5.816666666666666
5.833333333333333
5.85
5.866666666666666
5.883333333333334
5.9
5.916666666666667
5.933333333333334
5.95
5.966666666666667
5.983333333333333
6
6.016666666666667
6.033333333333333
6.05
6.066666666666666
6.083333333333333
6.1
6.116666666666666
6.133333333333334
6.15
6.166666666666667
6.183333333333334
6.2
6.216666666666667
6.233333333333333
6.25
6.266666666666667
6.283333333333333
6.3
6.316666666666666
6.333333333333333
6.35
6.366666666666666
6.383333333333334
6.4
6.416666666666667
6.433333333333334
6.45
6.466666666666667
6.483333333333333
6.5
6.516666666666667
6.533333333333333
6.55
6.566666666666666
6.583333333333333
6.6
6.616666666666666
6.633333333333334
6.65
6.666666666666667
6.683333333333334
6.7
6.716666666666667
6.733333333333333
6.75
6.766666666666667
6.783333333333333
6.8
6.816666666666666
6.833333333333333
6.85
6.866666666666666
6.883333333333334
6.9
6.916666666666667
6.933333333333334
6.95
6.966666666666667
6.983333333333333
7
7.016666666666667
7.033333333333333
7.05
7.066666666666666
7.083333333333333
7.1
7.116666666666666
7.133333333333334
7.15
7.166666666666667
7.183333333333334
7.2
7.216666666666667
7.233333333333333
7.25
7.266666666666667
7.283333333333333
7.3
7.316666666666666
7.333333333333333
7.35
7.366666666666666
7.383333333333334
7.4
7.416666666666667
7.433333333333334
7.45
7.466666666666667
7.483333333333333
7.5
7.516666666666667
7.533333333333333
7.55
7.566666666666666
7.583333333333333
7.6
7.616666666666666
7.633333333333334
7.65
7.666666666666667
7.683333333333334
7.7
7.716666666666667
7.733333333333333
7.75
7.766666666666667
7.783333333333333
7.8
7.816666666666666
7.833333333333333
7.85
7.866666666666666
7.883333333333334
7.9
7.916666666666667
7.933333333333334
7.95
7.966666666666667
7.983333333333333
8
8.016666666666667
8.033333333333333
8.050000000000001
8.066666666666666
8.083333333333334
8.1
8.116666666666667
8.133333333333333
8.15
8.166666666666666
8.183333333333334
8.199999999999999
8.216666666666667
8.233333333333333
8.25
8.266666666666667
8.283333333333333
8.300000000000001
8.316666666666666
8.333333333333334
8.35
8.366666666666667
8.383333333333333
8.4
8.416666666666666
8.433333333333334
8.449999999999999
8.466666666666667
8.483333333333333
8.5
8.516666666666667
8.533333333333333
8.550000000000001
8.566666666666666
8.583333333333334
8.6
8.616666666666667
8.633333333333333
8.65
8.666666666666666
8.683333333333334
8.699999999999999
8.716666666666667
8.733333333333333
8.75
8.766666666666667
8.783333333333333
8.800000000000001
8.816666666666666
8.833333333333334
8.85
8.866666666666667
8.883333333333333
8.9
8.916666666666666
8.933333333333334
8.949999999999999
8.966666666666667
8.983333333333333
9
9.016666666666667
9.033333333333333
9.050000000000001
9.066666666666666
9.083333333333334
9.1
9.116666666666667
9.133333333333333
9.15
9.166666666666666
9.183333333333334
9.199999999999999
9.216666666666667
9.233333333333333
9.25
9.266666666666667
9.283333333333333
9.300000000000001
9.316666666666666
9.333333333333334
9.35
9.366666666666667
9.383333333333333
9.4
9.416666666666666
9.433333333333334
9.449999999999999
9.466666666666667
9.483333333333333
9.5
9.516666666666667
9.533333333333333
9.550000000000001
9.566666666666666
9.583333333333334
9.6
9.616666666666667
9.633333333333333
9.65
9.666666666666666
9.683333333333334
9.699999999999999
9.716666666666667
9.733333333333333
9.75
9.766666666666667
9.783333333333333
9.800000000000001
9.816666666666666
9.833333333333334
9.85
9.866666666666667
9.883333333333333
9.9
9.916666666666666
9.933333333333334
9.949999999999999
9.966666666666667
9.983333333333333
10
10.01666666666667
10.03333333333333
10.05
10.06666666666667
10.08333333333333
10.1
10.11666666666667
10.13333333333333
10.15
10.16666666666667
10.18333333333333
10.2
10.21666666666667
10.23333333333333
10.25
10.26666666666667
10.28333333333333
10.3
10.31666666666667
10.33333333333333
10.35
10.36666666666667
10.38333333333333
10.4
10.41666666666667
10.43333333333333
10.45
10.46666666666667
10.48333333333333
10.5
10.51666666666667
10.53333333333333
10.55
10.56666666666667
10.58333333333333
10.6
10.61666666666667
10.63333333333333
10.65
10.66666666666667
10.68333333333333
10.7
10.71666666666667
10.73333333333333
10.75
10.76666666666667
10.78333333333333
10.8
10.81666666666667
10.83333333333333
10.85
10.86666666666667
10.88333333333333
10.9
10.91666666666667
10.93333333333333
10.95
10.96666666666667
10.98333333333333
11
11.01666666666667
11.03333333333333
11.05
11.06666666666667
11.08333333333333
11.1
11.11666666666667
11.13333333333333
11.15
11.16666666666667
11.18333333333333
11.2
11.21666666666667
11.23333333333333
11.25
11.26666666666667
11.28333333333333
11.3
11.31666666666667
11.33333333333333
11.35
11.36666666666667
11.38333333333333
11.4
11.41666666666667
11.43333333333333
11.45
11.46666666666667
11.48333333333333
11.5
11.51666666666667
11.53333333333333
11.55
11.56666666666667
11.58333333333333
11.6
11.61666666666667
11.63333333333333
11.65
11.66666666666667
11.68333333333333
11.7
11.71666666666667
11.73333333333333
11.75
11.76666666666667
11.78333333333333
11.8
11.81666666666667
11.83333333333333
11.85
11.86666666666667
11.88333333333333
11.9
11.91666666666667
11.93333333333333
11.95
11.96666666666667
11.98333333333333
12
12.01666666666667
12.03333333333333
12.05
12.06666666666667
12.08333333333333
12.1
12.11666666666667
12.13333333333333
12.15
12.16666666666667
12.18333333333333
12.2
12.21666666666667
12.23333333333333
12.25
12.26666666666667
12.28333333333333
12.3
12.31666666666667
12.33333333333333
12.35
12.36666666666667
12.38333333333333
12.4
12.41666666666667
12.43333333333333
12.45
12.46666666666667
12.48333333333333
12.5
12.51666666666667
12.53333333333333
12.55
12.56666666666667
12.58333333333333
12.6
12.61666666666667
12.63333333333333
12.65
12.66666666666667
12.68333333333333
12.7
12.71666666666667
12.73333333333333
12.75
12.76666666666667
12.78333333333333
12.8
12.81666666666667
12.83333333333333
12.85
12.86666666666667
12.88333333333333
12.9
12.91666666666667
12.93333333333333
12.95
12.96666666666667
12.98333333333333
13
13.01666666666667
13.03333333333333
13.05
13.06666666666667
13.08333333333333
13.1
13.11666666666667
13.13333333333333
13.15
13.16666666666667
13.18333333333333
13.2
13.21666666666667
13.23333333333333
13.25
13.26666666666667
13.28333333333333
13.3
13.31666666666667
13.33333333333333
13.35
13.36666666666667
13.38333333333333
13.4
13.41666666666667
13.43333333333333
13.45
13.46666666666667
13.48333333333333
13.5
13.51666666666667
13.53333333333333
13.55
13.56666666666667
13.58333333333333
13.6
13.61666666666667
13.63333333333333
13.65
13.66666666666667
13.68333333333333
13.7
13.71666666666667
13.73333333333333
13.75
13.76666666666667
13.78333333333333
13.8
13.81666666666667
13.83333333333333
13.85
13.86666666666667
13.88333333333333
13.9
13.91666666666667
13.93333333333333
13.95
13.96666666666667
13.98333333333333
14
14.01666666666667
14.03333333333333
14.05
14.06666666666667
14.08333333333333
14.1
14.11666666666667
14.13333333333333
14.15
14.16666666666667
14.18333333333333
14.2
14.21666666666667
14.23333333333333
14.25
14.26666666666667
14.28333333333333
14.3
14.31666666666667
14.33333333333333
14.35
14.36666666666667
14.38333333333333
14.4
14.41666666666667
14.43333333333333
14.45
14.46666666666667
14.48333333333333
14.5
14.51666666666667
14.53333333333333
14.55
14.56666666666667
14.58333333333333
14.6
14.61666666666667
14.63333333333333
14.65
14.66666666666667
14.68333333333333
14.7
14.71666666666667
14.73333333333333
14.75
14.76666666666667
14.78333333333333
14.8
14.81666666666667
14.83333333333333
14.85
14.86666666666667
14.88333333333333
14.9
14.91666666666667
14.93333333333333
14.95
14.96666666666667
14.98333333333333
15
15.01666666666667
15.03333333333333
15.05
15.06666666666667
15.08333333333333
15.1
15.11666666666667
15.13333333333333
15.15
15.16666666666667
15.18333333333333
15.2
15.21666666666667
15.23333333333333
15.25
15.26666666666667
15.28333333333333
15.3
15.31666666666667
15.33333333333333
15.35
15.36666666666667
15.38333333333333
15.4
15.41666666666667
15.43333333333333
15.45
15.46666666666667
15.48333333333333
15.5
15.51666666666667
15.53333333333333
15.55
15.56666666666667
15.58333333333333
15.6
15.61666666666667
15.63333333333333
15.65
15.66666666666667
15.68333333333333
15.7
15.71666666666667
15.73333333333333
15.75
15.76666666666667
15.78333333333333
15.8
15.81666666666667
15.83333333333333
15.85
15.86666666666667
15.88333333333333
15.9
15.91666666666667
15.93333333333333
15.95
15.96666666666667
15.98333333333333
16
16.01666666666667
16.03333333333333
16.05
16.06666666666667
16.08333333333333
16.1
16.11666666666667
16.13333333333333
16.15
16.16666666666667
16.18333333333333
16.2
16.21666666666667
16.23333333333333
16.25
16.26666666666667
16.28333333333333
16.3
16.31666666666667
16.33333333333333
16.35
16.36666666666667
16.38333333333333
16.4
16.41666666666667
16.43333333333333
16.45
16.46666666666667
16.48333333333333
16.5
16.51666666666667
16.53333333333333
16.55
16.56666666666667
16.58333333333333
16.6
16.61666666666667
16.63333333333333
16.65
16.66666666666667
16.68333333333333
16.7
16.71666666666667
16.73333333333333
16.75
16.76666666666667
16.78333333333333
16.8
16.81666666666667
16.83333333333333
16.85
16.86666666666667
16.88333333333333
16.9
16.91666666666667
16.93333333333333
16.95
16.96666666666667
16.98333333333333
17
17.01666666666667
17.03333333333333
17.05
17.06666666666667
17.08333333333333
17.1
17.11666666666667
17.13333333333333
17.15
17.16666666666667
17.18333333333333
17.2
17.21666666666667
17.23333333333333
17.25
17.26666666666667
17.28333333333333
17.3
17.31666666666667
17.33333333333333
17.35
17.36666666666667
17.38333333333333
17.4
17.41666666666667
17.43333333333333
17.45
17.46666666666667
17.48333333333333
17.5
17.51666666666667
17.53333333333333
17.55
17.56666666666667
17.58333333333333
17.6
17.61666666666667
17.63333333333333
17.65
17.66666666666667
17.68333333333333
17.7
17.71666666666667
17.73333333333333
17.75
17.76666666666667
17.78333333333333
17.8
17.81666666666667
17.83333333333333
17.85
17.86666666666667
17.88333333333333
17.9
17.91666666666667
17.93333333333333
17.95
17.96666666666667
17.98333333333333
18
18.01666666666667
18.03333333333333
18.05
18.06666666666667
18.08333333333333
18.1
18.11666666666667
18.13333333333333
18.15
18.16666666666667
18.18333333333333
18.2
18.21666666666667
18.23333333333333
18.25
18.26666666666667
18.28333333333333
18.3
18.31666666666667
18.33333333333333
18.35
18.36666666666667
18.38333333333333
18.4
18.41666666666667
18.43333333333333
18.45
18.46666666666667
18.48333333333333
18.5
18.51666666666667
18.53333333333333
18.55
18.56666666666667
18.58333333333333
18.6
18.61666666666667
18.63333333333333
18.65
18.66666666666667
18.68333333333333
18.7
18.71666666666667
18.73333333333333
18.75
18.76666666666667
18.78333333333333
18.8
18.81666666666667
18.83333333333333
18.85
18.86666666666667
18.88333333333333
18.9
18.91666666666667
18.93333333333333
18.95
18.96666666666667
18.98333333333333
19
19.01666666666667
19.03333333333333
19.05
19.06666666666667
19.08333333333333
19.1
19.11666666666667
19.13333333333333
19.15
19.16666666666667
19.18333333333333
19.2
19.21666666666667
19.23333333333333
19.25
19.26666666666667
19.28333333333333
19.3
19.31666666666667
19.33333333333333
19.35
19.36666666666667
19.38333333333333
19.4
19.41666666666667
19.43333333333333
19.45
19.46666666666667
19.48333333333333
19.5
19.51666666666667
19.53333333333333
19.55
19.56666666666667
19.58333333333333
19.6
19.61666666666667
19.63333333333333
19.65
19.66666666666667
19.68333333333333
19.7
19.71666666666667
19.73333333333333
19.75
19.76666666666667
19.78333333333333
19.8
19.81666666666667
19.83333333333333
19.85
19.86666666666667
19.88333333333333
19.9
19.91666666666667
19.93333333333333
19.95
19.96666666666667
19.98333333333333
20
20.01666666666667
20.03333333333333
20.05
20.06666666666667
20.08333333333333
20.1
20.11666666666667
20.13333333333333
20.15
20.16666666666667
20.18333333333333
20.2
20.21666666666667
20.23333333333333
20.25
20.26666666666667
20.28333333333333
20.3
20.31666666666667
20.33333333333333
20.35
20.36666666666667
20.38333333333333
20.4
20.41666666666667
20.43333333333333
20.45
20.46666666666667
20.48333333333333
20.5
20.51666666666667
20.53333333333333
20.55
20.56666666666667
20.58333333333333
20.6
20.61666666666667
20.63333333333333
20.65
20.66666666666667
20.68333333333333
20.7
20.71666666666667
20.73333333333333
20.75
20.76666666666667
20.78333333333333
20.8
20.81666666666667
20.83333333333333
20.85
20.86666666666667
20.88333333333333
20.9
20.91666666666667
20.93333333333333
20.95
20.96666666666667
20.98333333333333
21
21.01666666666667
21.03333333333333
21.05
21.06666666666667
21.08333333333333
21.1
21.11666666666667
21.13333333333333
21.15
21.16666666666667
21.18333333333333
21.2
21.21666666666667
21.23333333333333
21.25
21.26666666666667
21.28333333333333
21.3
21.31666666666667
21.33333333333333
21.35
21.36666666666667
21.38333333333333
21.4
21.41666666666667
21.43333333333333
21.45
21.46666666666667
21.48333333333333
21.5
21.51666666666667
21.53333333333333
21.55
21.56666666666667
21.58333333333333
21.6
21.61666666666667
21.63333333333333
21.65
21.66666666666667
21.68333333333333
21.7
21.71666666666667
21.73333333333333
21.75
21.76666666666667
21.78333333333333
21.8
21.81666666666667
21.83333333333333
21.85
21.86666666666667
21.88333333333333
21.9
21.91666666666667
21.93333333333333
21.95
21.96666666666667
21.98333333333333
22
22.01666666666667
22.03333333333333
22.05
22.06666666666667
22.08333333333333
22.1
22.11666666666667
22.13333333333333
22.15
22.16666666666667
22.18333333333333
22.2
22.21666666666667
22.23333333333333
22.25
22.26666666666667
22.28333333333333
22.3
22.31666666666667
22.33333333333333
22.35
22.36666666666667
22.38333333333333
22.4
22.41666666666667
22.43333333333333
22.45
22.46666666666667
22.48333333333333
22.5
22.51666666666667
22.53333333333333
22.55
22.56666666666667
22.58333333333333
22.6
22.61666666666667
22.63333333333333
22.65
22.66666666666667
22.68333333333333
22.7
22.71666666666667
22.73333333333333
22.75
22.76666666666667
22.78333333333333
22.8
22.81666666666667
22.83333333333333
22.85
22.86666666666667
22.88333333333333
22.9
22.91666666666667
22.93333333333333
22.95
22.96666666666667
22.98333333333333
23
23.01666666666667
23.03333333333333
23.05
23.06666666666667
23.08333333333333
23.1
23.11666666666667
23.13333333333333
23.15
23.16666666666667
23.18333333333333
23.2
23.21666666666667
23.23333333333333
23.25
23.26666666666667
23.28333333333333
23.3
23.31666666666667
23.33333333333333
23.35
23.36666666666667
23.38333333333333
23.4
23.41666666666667
23.43333333333333
23.45
23.46666666666667
23.48333333333333
23.5
23.51666666666667
23.53333333333333
23.55
23.56666666666667
23.58333333333333
23.6
23.61666666666667
23.63333333333333
23.65
23.66666666666667
23.68333333333333
23.7
23.71666666666667
23.73333333333333
23.75
23.76666666666667
23.78333333333333
23.8
23.81666666666667
23.83333333333333
23.85
23.86666666666667
23.88333333333333
23.9
23.91666666666667
23.93333333333333
23.95
23.96666666666667
23.98333333333333
24
24.01666666666667
24.03333333333333
24.05
24.06666666666667
24.08333333333333
24.1
24.11666666666667
24.13333333333333
24.15
24.16666666666667
24.18333333333333
24.2
24.21666666666667
24.23333333333333
24.25
24.26666666666667
24.28333333333333
24.3
24.31666666666667
24.33333333333333
24.35
24.36666666666667
24.38333333333333
24.4
24.41666666666667
24.43333333333333
24.45
24.46666666666667
24.48333333333333
24.5
24.51666666666667
24.53333333333333
24.55
24.56666666666667
24.58333333333333
24.6
24.61666666666667
24.63333333333333
24.65
24.66666666666667
24.68333333333333
24.7
24.71666666666667
24.73333333333333
24.75
24.76666666666667
24.78333333333333
24.8
24.81666666666667
24.83333333333333
24.85
24.86666666666667
24.88333333333333
24.9
24.91666666666667
24.93333333333333
24.95
24.96666666666667
24.98333333333333
25
25.01666666666667
25.03333333333333
25.05
25.06666666666667
25.08333333333333
25.1
25.11666666666667
25.13333333333333
25.15
25.16666666666667
25.18333333333333
25.2
25.21666666666667
25.23333333333333
25.25
25.26666666666667
25.28333333333333
25.3
25.31666666666667
25.33333333333333
25.35
25.36666666666667
25.38333333333333
25.4
25.41666666666667
25.43333333333333
25.45
25.46666666666667
25.48333333333333
25.5
25.51666666666667
25.53333333333333
25.55
25.56666666666667
25.58333333333333
25.6
25.61666666666667
25.63333333333333
25.65
25.66666666666667
25.68333333333333
25.7
25.71666666666667
25.73333333333333
25.75
25.76666666666667
25.78333333333333
25.8
25.81666666666667
25.83333333333333
25.85
25.86666666666667
25.88333333333333
25.9
25.91666666666667
25.93333333333333
25.95
25.96666666666667
25.98333333333333
26
26.01666666666667
26.03333333333333
26.05
26.06666666666667
26.08333333333333
26.1
26.11666666666667
26.13333333333333
26.15
26.16666666666667
26.18333333333333
26.2
26.21666666666667
26.23333333333333
26.25
26.26666666666667
26.28333333333333
26.3
26.31666666666667
26.33333333333333
26.35
26.36666666666667
26.38333333333333
26.4
26.41666666666667
26.43333333333333
26.45
26.46666666666667
26.48333333333333
26.5
26.51666666666667
26.53333333333333
26.55
26.56666666666667
26.58333333333333
26.6
26.61666666666667
26.63333333333333
26.65
26.66666666666667
26.68333333333333
26.7
26.71666666666667
26.73333333333333
26.75
26.76666666666667
26.78333333333333
26.8
26.81666666666667
26.83333333333333
26.85
26.86666666666667
26.88333333333333
26.9
26.91666666666667
26.93333333333333
26.95
26.96666666666667
26.98333333333333
27
27.01666666666667
27.03333333333333
27.05
27.06666666666667
27.08333333333333
27.1