0.01666666666666667	-35.38423616	76.87675277
0.03333333333333333	-44.98423616	80.62075277
0.05	-21.70423616	65.26075277
0.06666666666666667	-33.56023616	59.16475277
0.08333333333333333	-25.64023616	35.93275277
0.1	-28.71223616	23.06875277
0.1166666666666667	-15.36823616	1.996752768
0.1333333333333333	-47.57623616	0.268752768
0.15	-33.84823616	10.78075277
0.1666666666666667	-14.69623616	9.196752768
0.1833333333333333	-10.66423616	14.42875277
0.2	-11.14423616	-9.139247232000001
0.2166666666666667	-5.096236162	6.364752768
0.2333333333333333	3.639763838	-23.68324723
0.25	3.015763838	-1.171247232
0.2666666666666667	10.88776384	-9.907247232
0.2833333333333333	50.29576384	24.26875277
0.3	25.28776384	6.124752768
0.3166666666666667	15.54376384	-18.01924723
0.3333333333333333	12.80776384	11.40475277
0.35	17.31976384	14.52475277
0.3666666666666666	13.67176384	29.98075277
0.3833333333333334	12.37576384	12.65275277
0.4	17.89576384	-25.79524723
0.4166666666666667	33.83176384	-36.49924723
0.4333333333333333	59.12776384	-22.29124723
0.45	73.09576384	-28.62724723
0.4666666666666667	76.35976384	-38.46724723
0.4833333333333333	82.11976384	-53.29924723
0.5	89.75176384	-19.36324723
0.5166666666666667	100.5517638	-14.27524723
0.5333333333333333	104.4397638	-52.81924723
0.55	98.34376383999999	-54.73924723
0.5666666666666667	57.73576384	-46.57924723
0.5833333333333334	60.90376384	-16.38724723
0.6	45.20776384	6.172752768
0.6166666666666667	34.88776384	7.468752768
0.6333333333333333	9.639763838	9.196752768
0.65	10.31176384	4.444752768
0.6666666666666666	23.31976384	11.45275277
0.6833333333333333	32.39176384	17.98075277
0.7	16.83976384	22.44475277
0.7166666666666667	9.975763838000001	-1.555247232
0.7333333333333333	12.80776384	-0.115247232
0.75	21.01576384	0.652752768
0.7666666666666667	6.039763838	59.40475277
0.7833333333333333	-1.496236162	11.02075277
0.8	-44.88823616	28.68475277
0.8166666666666667	-56.26423616	-27.33124723
0.8333333333333334	-41.14423616	-4.627247232
0.85	-33.27223616	-4.243247232
0.8666666666666667	-17.33623616	4.252752768
0.8833333333333333	2.583763838	1.756752768
0.9	12.32776384	-37.07524723
0.9166666666666666	-18.00823616	-6.403247232
0.9333333333333333	-29.91223616	17.98075277
0.95	-29.72023616	26.38075277
0.9666666666666667	-7.736236162	12.36475277
0.9833333333333333	9.543763838	20.71675277
1	1.623763838	-13.79524723
1.016666666666667	4.023763838	4.972752768
1.033333333333333	-1.832236162	-21.13924723
1.05	14.48776384	6.796752768
1.066666666666667	10.83976384	-2.611247232
1.083333333333333	2.391763838	-8.035247232
1.1	18.95176384	-21.33124723
1.116666666666667	66.47176383999999	-20.51524723
1.133333333333333	84.80776384000001	35.11675277
1.15	87.97576384	18.41275277
1.166666666666667	74.19976384	56.52475277
1.183333333333333	50.96776384	5.548752768
1.2	54.13576384	9.388752768
1.216666666666667	46.93576384	0.988752768
1.233333333333333	56.72776384	2.908752768
1.25	50.00776384	-3.475247232
1.266666666666667	49.52776384	3.052752768
1.283333333333333	52.83976384	-34.77124723
1.3	68.77576384	-22.86724723
1.316666666666667	52.88776384	-69.90724723
1.333333333333333	31.67176384	-62.08324723
1.35	24.47176384	-63.57124723
1.366666666666667	37.47976384	-72.21124723
1.383333333333333	18.03976384	-54.49924723
1.4	0.087763838	-59.25124723
1.416666666666667	15.59176384	-41.39524723
1.433333333333333	25.43176384	-52.33924723
1.45	48.27976384	-40.77124723
1.466666666666667	54.71176384	-77.01124723
1.483333333333333	61.38376384	-64.91524723000001
1.5	69.15976384	-57.81124723
1.516666666666667	51.25576384	-56.89924723
1.533333333333333	48.51976384	-57.57124723
1.55	41.17576384	-20.41924723
1.566666666666667	13.04776384	-21.47524723
1.583333333333333	-14.84023616	11.78875277
1.6	-14.40823616	36.74875277
1.616666666666667	-9.032236162	54.79675277
1.633333333333333	-27.12823616	60.41275277
1.65	-30.87223616	14.04475277
1.666666666666667	-25.78423616	19.18075277
1.683333333333333	-30.63223616	-16.00324723
1.7	-28.80823616	-11.29924723
1.716666666666667	-24.96823616	-29.05924723
1.733333333333333	-30.82423616	25.32475277
1.75	-11.04823616	6.988752768
1.766666666666667	-4.376236162	23.11675277
1.783333333333333	-10.52023616	16.73275277
1.8	1.959763838	0.076752768
1.816666666666667	12.47176384	7.420752768
1.833333333333333	15.63976384	-9.715247231999999
1.85	17.70376384	-17.82724723
1.866666666666667	7.959763838	-20.99524723
1.883333333333333	2.151763838	1.612752768
1.9	4.647763838	0.556752768
1.916666666666667	12.85576384	15.34075277
1.933333333333333	11.99176384	-35.15524723
1.95	9.207763838	2.380752768
1.966666666666667	4.407763838	-52.33924723
1.983333333333333	6.327763838	-12.01924723
2	15.49576384	-71.82724723
2.016666666666667	11.27176384	-25.26724723
2.033333333333333	10.50376384	-33.47524723
2.05	7.575763838	-13.07524723
2.066666666666667	10.74376384	-34.53124723
2.083333333333333	16.79176384	-18.88324723
2.1	38.00776384	-32.27524723
2.116666666666667	28.16776384	-8.851247232
2.133333333333333	34.07176384	-22.09924723
2.15	32.34376384	-11.49124723
2.166666666666667	40.31176384	-19.69924723
2.183333333333333	18.51976384	-32.80324723
2.2	21.01576384	33.05275277
2.216666666666667	57.87976384	6.220752768
2.233333333333333	54.90376384	38.86075277
2.25	53.41576384	5.644752768
2.266666666666667	71.07976384	14.33275277
2.283333333333333	84.95176384	12.55675277
2.3	81.20776384	39.10075277
2.316666666666667	82.31176384	37.90075277
2.333333333333333	72.56776384	27.96475277
2.35	83.03176384	9.292752768
2.366666666666667	98.00776384	27.91675277
2.383333333333333	86.87176384	35.02075277
2.4	65.12776384	0.076752768
2.416666666666667	53.84776384	23.64475277
2.433333333333333	65.99176384	-26.75524723
2.45	47.22376384	24.98875277
2.466666666666667	48.27976384	-16.77124723
2.483333333333333	49.19176384	41.93275277
2.5	51.73576384	-15.28324723
2.516666666666667	39.83176384	15.91675277
2.533333333333333	19.38376384	13.70875277
2.55	-1.400236162	35.16475277
2.566666666666667	5.751763838	28.78075277
2.583333333333333	12.56776384	39.77275277
2.6	19.09576384	22.58875277
2.616666666666667	24.99976384	37.08475277
2.633333333333333	16.02376384	26.38075277
2.65	28.26376384	8.908752767999999
2.666666666666667	28.88776384	12.60475277
2.683333333333333	40.55176384	2.476752768
2.7	40.45576384	7.804752768
2.716666666666667	32.05576384	-8.275247232
2.733333333333333	57.68776384	32.81275277
2.75	38.58376384	-6.019247232
2.766666666666667	67.09576384	14.95675277
2.783333333333333	51.39976384	4.780752768
2.8	38.58376384	30.17275277
2.816666666666667	34.45576384	24.17275277
2.833333333333333	41.94376384	7.084752768
2.85	17.94376384	13.51675277
2.866666666666667	3.975763838	34.06075277
2.883333333333333	4.311763838	39.00475277
2.9	10.40776384	48.94075277
2.916666666666667	-21.94423616	46.25275277
2.933333333333333	-15.12823616	45.38875277
2.95	-8.072236161999999	73.37275277000001
2.966666666666667	-25.97623616	31.80475277
2.983333333333333	-39.75223616	59.02075277
3	-44.50423616	45.34075277
3.016666666666667	-64.37623616	64.63675277
3.033333333333333	-109.9282362	45.62875277
3.05	-111.4162362	59.93275277
3.066666666666667	-111.4642362	71.59675276999999
3.083333333333333	-111.8002362	87.82075277
3.1	-95.72023616	68.81275277
3.116666666666667	-103.5442362	64.15675277
3.133333333333333	-78.20023616	53.54875277
3.15	-74.88823616000001	61.61275277
3.166666666666667	-76.32823616	59.40475277
3.183333333333333	-77.48023616	52.25275277
3.2	-89.43223616	49.27675277
3.216666666666667	-82.37623616	27.10075277
3.233333333333333	-71.86423616	49.80475277
3.25	-59.67223616	22.87675277
3.266666666666667	-45.46423616	23.06875277
3.283333333333333	-66.58423616	1.276752768
3.3	-69.80023616	-18.59524723
3.316666666666667	-89.38423616	-19.21924723
3.333333333333333	-92.07223616	-7.603247232
3.35	-90.44023616	-0.691247232
3.366666666666667	-72.53623616	-0.163247232
3.383333333333333	-64.71223616	12.41275277
3.4	-60.82423616	17.40475277
3.416666666666667	-45.17623616	5.980752768
3.433333333333333	-26.31223616	18.41275277
3.45	-14.50423616	15.29275277
3.466666666666667	9.639763838	23.06875277
3.483333333333333	32.19976384	55.46875277
3.5	21.63976384	23.93275277
3.516666666666667	9.543763838	40.39675277
3.533333333333333	38.43976384	64.97275277
3.55	62.43976384	61.46875277
3.566666666666667	55.28776384	73.13275277
3.583333333333333	31.52776384	52.20475277
3.6	56.53576384	83.45275277
3.616666666666667	47.17576384	15.86875277
3.633333333333333	42.37576384	3.580752768
3.65	28.79176384	-11.05924723
3.666666666666667	8.151763838000001	-43.36324723
3.683333333333333	-9.080236162	-26.32324723
3.7	12.37576384	-33.52324723
3.716666666666667	31.47976384	-22.62724723
3.733333333333333	3.639763838	-29.49124723
3.75	24.61576384	-39.04324723
3.766666666666667	41.36776384	-30.93124723
3.783333333333333	40.40776384	-50.75524723
3.8	62.43976384	-31.69924723
3.816666666666667	57.11176384	-19.26724723
3.833333333333333	29.94376384	2.380752768
3.85	10.50376384	20.04475277
3.866666666666667	17.89576384	13.51675277
3.883333333333333	17.99176384	-5.251247232
3.9	4.263763838	-0.163247232
3.916666666666667	4.311763838	-42.64324723
3.933333333333333	15.39976384	17.26075277
3.95	9.447763838	-20.46724723
3.966666666666667	7.047763838	-5.059247232
3.983333333333333	4.455763838	-5.251247232
4	25.43176384	19.03675277
4.016666666666667	42.51976384	-14.03524723
4.033333333333333	54.95176384	14.04475277
4.05	46.21576384	-0.547247232
4.066666666666666	54.37576384	50.57275277
4.083333333333333	56.00776384	-10.24324723
4.1	74.24776384	35.02075277
4.116666666666666	65.75176384	21.62875277
4.133333333333334	60.90376384	32.66875277
4.15	46.74376384	44.95675277
4.166666666666667	37.43176384	25.13275277
4.183333333333334	60.13576384	35.54875277
4.2	65.36776383999999	4.108752768
4.216666666666667	82.50376384	15.91675277
4.233333333333333	77.51176384	15.82075277
4.25	70.93576384000001	46.30075277
4.266666666666667	76.79176384	72.84475277
4.283333333333333	102.7117638	61.80475277
4.3	113.6557638	53.54875277
4.316666666666666	100.7437638	58.58875277
4.333333333333333	88.26376384	56.47675277
4.35	44.34376384	75.58075277
4.366666666666666	44.29576384	71.40475277
4.383333333333334	45.01576384	60.55675277
4.4	36.71176384	31.18075277
4.416666666666667	14.43976384	66.94075277
4.433333333333334	5.511763838	79.13275277
4.45	-5.624236162	63.48475277
4.466666666666667	-17.24023616	74.38075277
4.483333333333333	5.415763838	15.62875277
4.5	16.83976384	52.10875277
4.516666666666667	4.215763838	10.15675277
4.533333333333333	-11.24023616	36.17275277
4.55	-24.58423616	0.028752768
4.566666666666666	-32.16823616	48.46075277
4.583333333333333	-47.57623616	48.26875277
4.6	-41.91223616	63.00475277
4.616666666666666	-14.07223616	59.50075277
4.633333333333334	2.151763838	89.21275276999999
4.65	-13.54423616	70.25275277
4.666666666666667	-7.784236162	69.48475277
4.683333333333334	2.967763838	53.30875277
4.7	24.51976384	48.12475277
4.716666666666667	50.05576384	48.50875277
4.733333333333333	30.56776384	37.99675277
4.75	19.57576384	33.77275277
4.766666666666667	3.591763838	31.85275277
4.783333333333333	-10.47223616	48.41275277
4.8	-25.54423616	18.94075277
4.816666666666666	-13.16023616	1.372752768
4.833333333333333	-21.27223616	3.244752768
4.85	-33.03223616	20.14075277
4.866666666666666	-21.17623616	-2.563247232
4.883333333333334	-38.50423616	19.27675277
4.9	-71.52823616000001	1.420752768
4.916666666666667	-68.40823616	16.15675277
4.933333333333334	-73.35223616	4.348752768
4.95	-61.25623616	-24.69124723
4.966666666666667	-74.60023615999999	-3.715247232
4.983333333333333	-67.40023616000001	-34.72324723
5	-70.56823616	0.412752768
5.016666666666667	-82.80823616000001	-37.84324723
5.033333333333333	-87.36823616	-6.067247232
5.05	-77.33623616	9.004752767999999
5.066666666666666	-75.32023615999999	34.92475277
5.083333333333333	-49.35223616	9.100752768
5.1	-34.66423616	38.33275277
5.116666666666666	-33.80023616	46.54075277
5.133333333333334	-39.41623616	75.91675277
5.15	-30.29623616	66.98875277
5.166666666666667	-19.68823616	67.99675277
5.183333333333334	-29.96023616	78.02875277
5.2	-53.43223616	52.44475277
5.216666666666667	-59.91223616	79.94875277
5.233333333333333	-40.28023616	36.70075277
5.25	-40.61623616	84.12475277
5.266666666666667	-22.66423616	36.50875277
5.283333333333333	-2.072236162	59.21275277
5.3	-4.472236162	9.196752768
5.316666666666666	11.79976384	35.69275277
5.333333333333333	0.6637638380000001	12.98875277
5.35	24.75976384	75.91675277
5.366666666666666	48.85576384	40.44475277
5.383333333333334	43.57576384	73.51675277
5.4	41.22376384	51.53275277
5.416666666666667	33.87976384	47.02075277
5.433333333333334	7.287763838	62.47675277
5.45	-3.224236162	60.26875277
5.466666666666667	10.74376384	89.45275277
5.483333333333333	8.919763838	49.46875277
5.5	-17.72023616	63.53275277
5.516666666666667	4.119763838	37.22875277
5.533333333333333	20.91976384	53.21275277
5.55	0.711763838	18.98875277
5.566666666666666	48.03976384	60.41275277
5.583333333333333	31.23976384	46.06075277
5.6	45.54376384	65.40475277
5.616666666666666	36.85576384	55.75675277
5.633333333333334	41.55976384	50.33275277
5.65	32.58376384	21.10075277
5.666666666666667	49.09576384	20.18875277
5.683333333333334	40.50376384	-16.57924723
5.7	24.66376384	-20.99524723
5.716666666666667	17.36776384	-7.843247232
5.733333333333333	-24.10423616	-8.563247232
5.75	-22.90423616	13.42075277
5.766666666666667	-33.84823616	-12.40324723
5.783333333333333	-45.89623616	55.32475277
5.8	-60.00823616	6.604752768
5.816666666666666	-59.76823616	48.94075277
5.833333333333333	-49.01623616	14.66875277
5.85	-51.32023616	8.764752767999999
5.866666666666666	-39.12823616	9.052752768
5.883333333333334	-57.12823616	27.67675277
5.9	-42.72823616	22.97275277
5.916666666666667	-47.14423616	36.84475277
5.933333333333334	-41.52823616	21.86875277
5.95	-52.85623616	27.00475277
5.966666666666667	-49.25623616	17.88475277
5.983333333333333	-24.53623616	5.260752768
6	-4.232236162	8.764752767999999
6.016666666666667	22.79176384	-0.355247232
6.033333333333333	18.95176384	12.41275277
6.05	12.32776384	-16.19524723
6.066666666666666	-27.70423616	2.716752768
6.083333333333333	-14.74423616	5.404752768
6.1	-19.11223616	-1.171247232
6.116666666666666	1.815763838	2.092752768
6.133333333333334	30.27976384	-0.067247232
6.15	50.39176384	13.80475277
6.166666666666667	63.11176384	-1.171247232
6.183333333333334	62.72776384	-14.13124723
6.2	49.81576384	-21.66724723
6.216666666666667	41.75176384	-8.995247232000001
6.233333333333333	43.67176384	-13.84324723
6.25	30.47176384	-19.02724723
6.266666666666667	33.01576384	-50.56324723
6.283333333333333	32.05576384	-17.87524723
6.3	34.69576384	-44.99524723
6.316666666666666	30.90376384	-37.02724723
6.333333333333333	32.48776384	-36.16324723
6.35	36.47176384	-40.05124723
6.366666666666666	12.51976384	-41.34724723
6.383333333333334	-10.47223616	-26.70724723
6.4	-11.67223616	-35.63524723
6.416666666666667	-37.16023616	-49.84324723
6.433333333333334	-37.68823616	-74.46724723
6.45	-35.67223616	-22.86724723
6.466666666666667	-36.24823616	-33.47524723
6.483333333333333	-45.17623616	-43.31524723
6.5	-54.34423616	-51.81124723
6.516666666666667	-54.00823616	-68.56324723
6.533333333333333	-46.95223616	-54.59524723
6.55	-52.04023616	-56.08324723
6.566666666666666	-26.50423616	-44.80324723
6.583333333333333	-40.47223616	-11.25124723
6.6	-24.05623616	-28.67524723
6.616666666666666	-12.48823616	-35.34724723
6.633333333333334	-9.080236162	-5.827247232
6.65	-25.20823616	-20.70724723
6.666666666666667	-7.016236162	-39.66724723
6.683333333333334	17.75176384	-50.70724723
6.7	18.80776384	-40.33924723
6.716666666666667	-10.90423616	-57.66724723
6.733333333333333	-30.87223616	-47.44324723
6.75	-13.73623616	-53.29924723
6.766666666666667	2.631763838	-71.73124722999999
6.783333333333333	-10.90423616	-66.30724723
6.8	3.207763838	-78.40324723000001
6.816666666666666	-4.664236162	-89.44324723
6.833333333333333	-1.352236162	-69.81124723000001
6.85	-17.81623616	-60.64324723
6.866666666666666	-47.48023616	-56.08324723
6.883333333333334	-20.69623616	-55.17124723
6.9	-18.87223616	-69.57124723
6.916666666666667	-26.45623616	-90.97924723
6.933333333333334	-35.00023616	-94.57924722999999
6.95	-18.58423616	-66.78724723000001
6.966666666666667	-47.48023616	-58.53124723
6.983333333333333	-49.97623616	-42.64324723
7	-38.88823616	-47.05924723
7.016666666666667	-52.28023616	-34.33924723
7.033333333333333	-50.36023616	-48.01924723
7.05	-48.39223616	-35.77924723
7.066666666666666	-55.11223616	-45.52324723
7.083333333333333	-65.24023615999999	-51.71524723
7.1	-45.36823616	-40.43524723
7.116666666666666	-32.84023616	-37.89124723
7.133333333333334	-20.16823616	-55.31524723
7.15	-5.384236162	-15.47524723
7.166666666666667	-5.720236162	3.868752768
7.183333333333334	-23.09623616	37.18075277
7.2	-24.77623616	33.48475277
7.216666666666667	-36.29623616	37.46875277
7.233333333333333	-23.91223616	36.60475277
7.25	-8.216236162	3.100752768
7.266666666666667	-14.21623616	7.324752768
7.283333333333333	-13.54423616	-15.13924723
7.3	-2.648236162	1.516752768
7.316666666666666	26.15176384	-20.94724723
7.333333333333333	-14.88823616	2.476752768
7.35	-28.95223616	5.692752768
7.366666666666666	-18.34423616	40.92475277
7.383333333333334	-5.672236162	17.78875277
7.4	-20.93623616	26.23675277
7.416666666666667	10.93576384	-21.33124723
7.433333333333334	-12.58423616	-0.643247232
7.45	-4.184236162	-8.611247232
7.466666666666667	-17.48023616	-16.48324723
7.483333333333333	-13.25623616	5.548752768
7.5	-2.792236162	-11.34724723
7.516666666666667	31.19176384	1.852752768
7.533333333333333	21.68776384	-17.97124723
7.55	22.35976384	-3.715247232
7.566666666666666	15.20776384	-12.01924723
7.583333333333333	17.17576384	18.79675277
7.6	5.847763838	-33.71524723
7.616666666666666	-13.44823616	3.964752768
7.633333333333334	-23.14423616	-54.69124723
7.65	-9.656236162000001	-1.315247232
7.666666666666667	2.967763838	-38.51524723
7.683333333333334	45.11176384	-21.85924723
7.7	38.19976384	-32.99524723
7.716666666666667	39.39976384	-58.19524723
7.733333333333333	41.60776384	-30.25924723
7.75	31.33576384	-13.21924723
7.766666666666667	8.679763838	32.76475277
7.783333333333333	-23.00023616	8.428752768000001
7.8	-2.120236162	19.37275277
7.816666666666666	7.287763838	-7.315247232
7.833333333333333	22.50376384	-1.603247232
7.85	8.439763837999999	-13.89124723
7.866666666666666	12.80776384	37.37275277
7.883333333333334	22.69576384	13.94875277
7.9	5.559763838	46.73275277
7.916666666666667	20.77576384	37.66075277
7.933333333333334	0.135763838	54.70075277
7.95	8.343763837999999	53.11675277
7.966666666666667	-29.67223616	60.12475277
7.983333333333333	-15.75223616	83.78875277
8	4.263763838	54.07675277
8.016666666666667	-6.536236162	88.68475277
8.033333333333333	-35.67223616	49.18075277
8.050000000000001	-21.84823616	91.32475277
8.066666666666666	-21.84823616	37.13275277
8.083333333333334	-19.11223616	51.91675277
8.1	-29.09623616	44.62075277
8.116666666666667	-25.59223616	35.78875277
8.133333333333333	-32.16823616	19.80475277
8.15	-13.16023616	25.90075277
8.166666666666666	-20.02423616	2.524752768
8.183333333333334	-30.92023616	26.18875277
8.199999999999999	-26.98423616	-7.747247232
8.216666666666667	-3.224236162	8.284752768000001
8.233333333333333	6.615763838	-14.41924723
8.25	24.66376384	-12.54724723
8.266666666666667	39.20776384	1.900752768
8.283333333333333	22.40776384	-31.31524723
8.300000000000001	65.41576384	65.50075277000001
8.316666666666666	42.90376384	19.85275277
8.333333333333334	39.15976384	65.88475277000001
8.35	17.12776384	57.58075277
8.366666666666667	11.17576384	80.04475277
8.383333333333333	10.93576384	50.42875277
8.4	16.69576384	77.69275277
8.416666666666666	37.76776384	18.65275277
8.433333333333334	42.99976384	43.70875277
8.449999999999999	38.77576384	49.42075277
8.466666666666667	40.07176384	68.86075277
8.483333333333333	53.51176384	30.65275277
8.5	32.77576384	44.71675277
8.516666666666667	44.58376384	57.43675277
8.533333333333333	24.71176384	25.94875277
8.550000000000001	30.85576384	62.52475277
8.566666666666666	18.95176384	43.61275277
8.583333333333334	42.75976384	77.83675277
8.6	53.75176384	50.86075277
8.616666666666667	60.03976384	67.46875276999999
8.633333333333333	38.67976384	35.93275277
8.65	22.93576384	34.30075277
8.666666666666666	12.08776384	6.556752768
8.683333333333334	27.25576384	41.26075277
8.699999999999999	53.46376384	21.77275277
8.716666666666667	44.19976384	31.70875277
8.733333333333333	45.92776384	51.24475277
8.75	58.40776384	26.86075277
8.766666666666667	42.13576384	70.97275277
8.783333333333333	35.55976384	48.98875277
8.800000000000001	27.15976384	70.15675277
8.816666666666666	25.04776384	-6.931247232
8.833333333333334	57.59176384	13.80475277
8.85	46.83976384	-4.435247232
8.866666666666667	46.64776384	-15.47524723
8.883333333333333	70.16776384000001	-13.12324723
8.9	54.56776384	4.636752768
8.916666666666666	47.17576384	-16.38724723
8.933333333333334	56.87176384	-1.315247232
8.949999999999999	71.51176384	-22.14724723
8.966666666666667	70.50376384	-5.731247232
8.983333333333333	54.71176384	-17.68324723
9	69.54376384	-11.87524723
9.016666666666667	77.89576384	-7.843247232
9.033333333333333	70.11976384	11.45275277
9.050000000000001	65.60776384	-0.547247232
9.066666666666666	88.40776384	2.716752768
9.083333333333334	78.75976384000001	16.82875277
9.1	69.25576384	-1.987247232
9.116666666666667	60.61576384	-8.851247232
9.133333333333333	71.51176384	-26.37124723
9.15	72.61576384	-44.41924723
9.166666666666666	62.72776384	-36.06724723
9.183333333333334	57.30376384	-5.011247232
9.199999999999999	26.39176384	-2.515247232
9.216666666666667	33.06376384	-2.179247232
9.233333333333333	43.43176384	-23.58724723
9.25	40.16776384	-21.33124723
9.266666666666667	44.19976384	-14.13124723
9.283333333333333	30.27976384	-9.235247232000001
9.300000000000001	14.48776384	-18.25924723
9.316666666666666	-14.45623616	-9.043247232000001
9.333333333333334	-31.68823616	4.252752768
9.35	-42.48823616	-19.89124723
9.366666666666667	-34.76023616	-20.17924723
9.383333333333333	-45.70423616	-14.56324723
9.4	-54.63223616	-14.56324723
9.416666666666666	-39.89623616	-14.56324723
9.433333333333334	-47.96023616	-11.49124723
9.449999999999999	-49.68823616	-3.715247232
9.466666666666667	-44.79223616	32.52475277
9.483333333333333	-46.85623616	-0.115247232
9.5	-36.24823616	1.756752768
9.516666666666667	-47.72023616	-22.72324723
9.533333333333333	-59.91223616	4.252752768
9.550000000000001	-66.96823616	-31.26724723
9.566666666666666	-64.95223616	-49.89124723
9.583333333333334	-28.56823616	-38.56324723
9.6	-45.70423616	-43.21924723
9.616666666666667	-49.40023616	-47.87524723
9.633333333333333	-44.26423616	-43.07524723
9.65	-23.67223616	-65.73124722999999
9.666666666666666	-32.31223616	-45.18724723
9.683333333333334	-22.28023616	-44.27524723
9.699999999999999	30.42376384	-32.22724723
9.716666666666667	30.95176384	-14.51524723
9.733333333333333	60.37576384	-32.94724723
9.75	44.34376384	-13.93924723
9.766666666666667	43.86376384	-20.85124723
9.783333333333333	16.31176384	-12.97924723
9.800000000000001	7.527763838	-50.22724723
9.816666666666666	13.81576384	-73.45924723
9.833333333333334	14.82376384	-69.28324723
9.85	8.391763837999999	-64.09924723
9.866666666666667	-2.408236162	-62.65924723
9.883333333333333	41.07976384	-34.96324723
9.9	27.01576384	-30.45124723
9.916666666666666	53.46376384	-18.40324723
9.933333333333334	68.15176384	-52.29124723
9.949999999999999	62.67976384	-38.46724723
9.966666666666667	46.50376384	-43.07524723
9.983333333333333	34.79176384	-53.39524723
10	17.12776384	-60.30724723
10.01666666666667	22.93576384	-61.02724723
10.03333333333333	22.35976384	-49.02724723
10.05	4.311763838	-49.69924723
10.06666666666667	29.07976384	-28.81924723
10.08333333333333	6.471763838	-28.67524723
10.1	4.839763838	-34.09924723
10.11666666666667	9.399763838	-41.87524723
10.13333333333333	4.983763838	-16.19524723
10.15	-26.45623616	-39.61924723
10.16666666666667	-15.65623616	-24.35524723
10.18333333333333	-23.57623616	-20.32324723
10.2	-12.24823616	-5.779247232
10.21666666666667	-36.48823616	-32.65924723
10.23333333333333	-30.82423616	-47.87524723
10.25	-11.67223616	-54.88324723
10.26666666666667	-18.00823616	-52.24324723
10.28333333333333	-21.17623616	-34.48324723
10.3	-3.368236162	-11.92324723
10.31666666666667	-49.88023616	-39.28324723
10.33333333333333	-48.34423616	-46.00324723
10.35	-41.72023616	-21.18724723
10.36666666666667	-54.00823616	-28.57924723
10.38333333333333	-66.15223616	-21.04324723
10.4	-39.80023616	-56.03524723
10.41666666666667	-11.43223616	-42.88324723
10.43333333333333	-9.608236162000001	-54.73924723
10.45	-3.128236162	-65.39524723
10.46666666666667	26.10376384	-114.9792472
10.48333333333333	20.19976384	-116.8512472
10.5	17.79976384	-101.8272472
10.51666666666667	10.93576384	-81.33124723
10.53333333333333	17.31976384	-66.69124723
10.55	-6.392236162	-86.41924723
10.56666666666667	-12.87223616	-71.53924723
10.58333333333333	-20.88823616	-72.06724723000001
10.6	-15.08023616	-33.42724723
10.61666666666667	3.399763838	-34.38724723
10.63333333333333	-7.784236162	-42.83524723
10.65	11.94376384	-48.30724723
10.66666666666667	22.59976384	-15.57124723
10.68333333333333	38.19976384	-34.19524723
10.7	26.96776384	9.532752768
10.71666666666667	26.82376384	-13.36324723
10.73333333333333	13.81576384	5.404752768
10.75	-8.888236162	0.460752768
10.76666666666667	-4.808236162	-27.13924723
10.78333333333333	0.711763838	-6.115247232
10.8	13.95976384	-39.95524723
10.81666666666667	34.45576384	19.42075277
10.83333333333333	26.87176384	20.04475277
10.85	28.35976384	40.73275277
10.86666666666667	15.92776384	34.68475277
10.88333333333333	35.41576384	45.96475277
10.9	28.93576384	16.97275277
10.91666666666667	11.03176384	57.38875277
10.93333333333333	2.919763838	8.524752768000001
10.95	11.17576384	61.08475277
10.96666666666667	28.45576384	6.268752768
10.98333333333333	3.399763838	21.58075277
11	2.439763838	22.30075277
11.01666666666667	-4.568236162	-2.995247232
11.03333333333333	-3.080236162	19.46875277
11.05	-23.24023616	-15.42724723
11.06666666666667	-25.83223616	-3.859247232
11.08333333333333	-0.728236162	-51.23524723
11.1	-30.24823616	-20.65924723
11.11666666666667	-39.32023616	-67.31524723
11.13333333333333	-36.24823616	-50.94724723
11.15	-51.75223616	-79.07524723
11.16666666666667	-71.09623616	-39.18724723
11.18333333333333	-78.15223616	-60.40324723
11.2	-64.28023616	-11.01124723
11.21666666666667	-16.76023616	-15.90724723
11.23333333333333	-3.464236162	1.756752768
11.25	-25.30423616	25.13275277
11.26666666666667	-26.55223616	-10.43524723
11.28333333333333	-13.83223616	7.180752768
11.3	-13.54423616	-7.027247232
11.31666666666667	-33.70423616	-8.947247232
11.33333333333333	-32.31223616	-16.77124723
11.35	-38.55223616	0.556752768
11.36666666666667	-37.06423616	-11.73124723
11.38333333333333	-28.71223616	11.59675277
11.4	-4.952236162	-12.88324723
11.41666666666667	-17.86423616	24.94075277
11.43333333333333	-19.20823616	21.48475277
11.45	-32.88823616	47.50075277
11.46666666666667	-38.98423616	16.15675277
11.48333333333333	-26.55223616	36.94075277
11.5	-16.85623616	6.076752768
11.51666666666667	-41.57623616	22.58875277
11.53333333333333	-29.48023616	21.91675277
11.55	4.935763838	-2.995247232
11.56666666666667	-14.79223616	12.89275277
11.58333333333333	6.615763838	-7.459247232
11.6	-4.808236162	32.28475277
11.61666666666667	1.911763838	8.668752767999999
11.63333333333333	-10.61623616	32.23675277
11.65	-5.048236162	-13.69924723
11.66666666666667	-22.18423616	14.81275277
11.68333333333333	-24.34423616	21.96475277
11.7	-8.744236162	47.50075277
11.71666666666667	-10.52023616	4.828752768
11.73333333333333	-16.52023616	15.14875277
11.75	14.91976384	-24.49924723
11.76666666666667	12.47176384	17.74075277
11.78333333333333	-8.984236162	16.06075277
11.8	-17.72023616	24.89275277
11.81666666666667	-14.12023616	43.42075277
11.83333333333333	1.623763838	0.940752768
11.85	0.615763838	11.16475277
11.86666666666667	3.063763838	-4.771247232
11.88333333333333	-7.880236162	-3.331247232
11.9	7.815763838	-0.019247232
11.91666666666667	1.191763838	4.636752768
11.93333333333333	-12.00823616	-1.507247232
11.95	3.111763838	-18.45124723
11.96666666666667	30.42376384	-49.50724723
11.98333333333333	48.03976384	-23.44324723
12	63.06376384	-33.47524723
12.01666666666667	83.31976383999999	-10.62724723
12.03333333333333	75.06376383999999	7.852752768
12.05	84.08776383999999	1.996752768
12.06666666666667	66.37576384	12.26875277
12.08333333333333	49.91176384	-0.067247232
12.1	40.31176384	26.18875277
12.11666666666667	20.91976384	-18.01924723
12.13333333333333	24.47176384	-1.747247232
12.15	41.36776384	-10.62724723
12.16666666666667	41.31976384	10.54075277
12.18333333333333	34.79176384	-21.76324723
12.2	29.79976384	-7.891247232
12.21666666666667	64.69576384	-23.29924723
12.23333333333333	47.79976384	10.73275277
12.25	60.32776384	-35.97124723
12.26666666666667	67.47976384	-35.82724723
12.28333333333333	46.35976384	-24.93124723
12.3	52.40776384	-34.09924723
12.31666666666667	21.73576384	-34.72324723
12.33333333333333	33.06376384	-27.76324723
12.35	41.99176384	-3.475247232
12.36666666666667	29.89576384	0.028752768
12.38333333333333	16.59976384	32.28475277
12.4	12.90376384	25.13275277
12.41666666666667	-7.976236162	14.14075277
12.43333333333333	-7.496236162	25.66075277
12.45	-6.968236162	38.04475277
12.46666666666667	-27.17623616	13.46875277
12.48333333333333	-7.112236162	18.07675277
12.5	-6.200236162	-1.891247232
12.51666666666667	-42.68023616	20.52475277
12.53333333333333	-46.71223616	29.93275277
12.55	-71.28823616	25.70875277
12.56666666666667	-52.80823616	37.03675277
12.58333333333333	-71.81623616	32.38075277
12.6	-65.38423616	51.29275277
12.61666666666667	-71.19223615999999	38.90875277
12.63333333333333	-74.60023615999999	27.43675277
12.65	-63.03223616	16.68475277
12.66666666666667	-59.24023616	3.964752768
12.68333333333333	-22.56823616	15.67675277
12.7	-46.32823616	5.692752768
12.71666666666667	-42.15223616	-12.54724723
12.73333333333333	-43.54423616	-30.30724723
12.75	-61.44823616	-36.69124723
12.76666666666667	-66.53623616	-29.53924723
12.78333333333333	-60.72823616	-45.61924723
12.8	-69.27223616000001	-22.29124723
12.81666666666667	-81.17623616	-7.027247232
12.83333333333333	-95.57623615999999	-8.755247232
12.85	-69.60823616	15.24475277
12.86666666666667	-47.86423616	23.59675277
12.88333333333333	-59.33623616	16.68475277
12.9	-75.75223616	20.62075277
12.91666666666667	-58.18423616	15.62875277
12.93333333333333	-45.22423616	5.116752768
12.95	-45.03223616	22.49275277
12.96666666666667	-53.04823616	20.42875277
12.98333333333333	-33.60823616	-12.40324723
13	-46.56823616	5.308752768
13.01666666666667	-61.11223616	-3.907247232
13.03333333333333	-69.22423616	-10.14724723
13.05	-66.92023616	11.54875277
13.06666666666667	-62.31223616	7.036752768
13.08333333333333	-66.00823616	13.51675277
13.1	-66.82423616	-22.05124723
13.11666666666667	-66.58423616	-46.19524723
13.13333333333333	-73.59223616	-74.27524723000001
13.15	-75.75223616	-67.98724722999999
13.16666666666667	-65.52823616000001	-55.69924723
13.18333333333333	-44.07223616	-54.73924723
13.2	-36.82423616	-76.77124723
13.21666666666667	-29.62423616	-50.27524723
13.23333333333333	-29.19223616	-53.15524723
13.25	-14.45623616	-3.715247232
13.26666666666667	17.17576384	-39.13924723
13.28333333333333	55.91176384	-2.323247232
13.3	50.96776384	-38.17924723
13.31666666666667	61.47976384	-36.25924723
13.33333333333333	40.74376384	-52.33924723
13.35	37.09576384	-54.35524723
13.36666666666667	73.91176384000001	-53.25124723
13.38333333333333	55.38376384	-55.50724723
13.4	49.81576384	-40.00324723
13.41666666666667	11.03176384	-28.29124723
13.43333333333333	3.495763838	25.08475277
13.45	3.255763838	-6.163247232
13.46666666666667	-21.70423616	-8.227247232
13.48333333333333	-38.07223616	-30.88324723
13.5	-31.06423616	-3.475247232
13.51666666666667	-13.88023616	-5.923247232
13.53333333333333	-42.29623616	-10.33924723
13.55	-27.51223616	6.316752768
13.56666666666667	-12.29623616	-27.13924723
13.58333333333333	26.05576384	-9.427247231999999
13.6	18.27976384	-4.435247232
13.61666666666667	-3.800236162	-8.851247232
13.63333333333333	1.575763838	19.51675277
13.65	1.047763838	27.77275277
13.66666666666667	-21.51223616	-5.347247232
13.68333333333333	-15.12823616	31.70875277
13.7	-10.85623616	13.90075277
13.71666666666667	-22.90423616	48.12475277
13.73333333333333	-29.91223616	-8.803247232
13.75	-36.77623616	-7.891247232
13.76666666666667	-43.25623616	-51.57124723
13.78333333333333	-38.69623616	-40.96324723
13.8	-53.96023616	-9.187247232000001
13.81666666666667	-23.28823616	-15.85924723
13.83333333333333	-38.79223616	-24.64324723
13.85	-27.12823616	-30.16324723
13.86666666666667	-30.20023616	-17.49124723
13.88333333333333	-32.98423616	-8.275247232
13.9	-36.68023616	0.700752768
13.91666666666667	-26.40823616	-50.75524723
13.93333333333333	-44.50423616	-42.83524723
13.95	-23.43223616	-88.72324723
13.96666666666667	-40.28023616	-49.17124723
13.98333333333333	-26.02423616	-40.72324723
14	-10.08823616	-10.33924723
14.01666666666667	7.767763838	-28.14724723
14.03333333333333	37.04776384	-28.81924723
14.05	41.12776384	-54.06724723
14.06666666666667	42.23176384	-80.89924723
14.08333333333333	44.00776384	-49.93924723
14.1	52.83976384	-67.02724723
14.11666666666667	61.14376384	-46.67524723
14.13333333333333	67.86376384	-79.17124723000001
14.15	49.14376384	-67.31524723
14.16666666666667	62.39176384	-89.58724723
14.18333333333333	32.34376384	-51.37924723
14.2	14.43976384	-86.13124723
14.21666666666667	0.327763838	-57.90724723
14.23333333333333	-11.57623616	-74.65924723000001
14.25	-0.968236162	-61.60324723
14.26666666666667	-12.15223616	-93.90724723
14.28333333333333	-20.64823616	-106.5312472
14.3	-5.288236162	-95.73124722999999
14.31666666666667	22.26376384	-103.0272472
14.33333333333333	58.79176384	-65.25124723
14.35	36.95176384	-77.92324723
14.36666666666667	46.50376384	-59.44324723
14.38333333333333	48.71176384	-67.17124723000001
14.4	41.17576384	-33.13924723
14.41666666666667	37.52776384	-18.64324723
14.43333333333333	61.43176384	-15.18724723
14.45	58.11976384	-22.96324723
14.46666666666667	57.44776384	-6.691247232
14.48333333333333	36.32776384	-46.09924723
14.5	51.01576384	-2.131247232
14.51666666666667	77.60776384	-41.53924723
14.53333333333333	93.06376383999999	-11.10724723
14.55	56.67976384	2.860752768
14.56666666666667	34.59976384	23.50075277
14.58333333333333	35.65576384	38.62075277
14.6	6.327763838	26.57275277
14.61666666666667	7.095763838	31.70875277
14.63333333333333	16.79176384	40.06075277
14.65	5.127763838	55.13275277
14.66666666666667	15.59176384	46.06075277
14.68333333333333	14.63176384	48.12475277
14.7	45.49576384	7.612752768
14.71666666666667	30.66376384	29.30875277
14.73333333333333	31.76776384	-19.74724723
14.75	32.63176384	24.17275277
14.76666666666667	23.41576384	-46.81924723
14.78333333333333	18.80776384	-36.78724723
14.8	12.85576384	-27.23524723
14.81666666666667	3.111763838	-49.84324723
14.83333333333333	-6.872236162	6.844752768
14.85	16.74376384	-0.643247232
14.86666666666667	16.07176384	2.140752768
14.88333333333333	2.247763838	-0.787247232
14.9	12.47176384	10.73275277
14.91666666666667	9.831763838000001	30.50875277
14.93333333333333	15.11176384	79.37275277000001
14.95	26.43976384	21.14875277
14.96666666666667	9.303763838	43.22875277
14.98333333333333	-1.688236162	10.01275277
15	2.631763838	54.84475277
15.01666666666667	7.335763838	16.58875277
15.03333333333333	35.89576384	36.26875277
15.05	8.775763838	54.17275277
15.06666666666667	17.07976384	74.38075277
15.08333333333333	22.45576384	57.86875277
15.1	47.03176384	33.34075277
15.11666666666667	44.63176384	25.08475277
15.13333333333333	21.39976384	-11.34724723
15.15	21.54376384	15.34075277
15.16666666666667	21.83176384	0.604752768
15.18333333333333	-3.800236162	25.99675277
15.2	12.99976384	-4.723247232
15.21666666666667	41.70376384	20.38075277
15.23333333333333	30.56776384	13.08475277
15.25	32.58376384	12.65275277
15.26666666666667	27.06376384	2.908752768
15.28333333333333	17.60776384	-12.11524723
15.3	49.76776384	-16.43524723
15.31666666666667	46.26376384	12.79675277
15.33333333333333	5.895763838	-16.09924723
15.35	1.479763838	-14.75524723
15.36666666666667	-2.360236162	-36.45124723
15.38333333333333	14.53576384	-7.075247232
15.4	42.47176384	14.04475277
15.41666666666667	-5.768236162	-6.643247232
15.43333333333333	-21.03223616	15.91675277
15.45	-15.03223616	0.604752768
15.46666666666667	-16.42423616	-12.59524723
15.48333333333333	-1.016236162	-25.17124723
15.5	16.79176384	-9.235247232000001
15.51666666666667	29.79976384	-4.915247232
15.53333333333333	55.52776384	12.94075277
15.55	49.71976384	-10.00324723
15.56666666666667	51.78376384	-6.499247232
15.58333333333333	51.30376384	-10.38724723
15.6	51.87976384	2.668752768
15.61666666666667	41.51176384	10.01275277
15.63333333333333	65.07976384	-26.70724723
15.65	67.81576384	-14.56324723
15.66666666666667	65.65576384000001	-25.41124723
15.68333333333333	55.57576384	2.956752768
15.7	48.03976384	8.284752768000001
15.71666666666667	21.20776384	2.860752768
15.73333333333333	10.40776384	14.42875277
15.75	56.29576384	17.40475277
15.76666666666667	34.93576384	31.70875277
15.78333333333333	26.63176384	48.17275277
15.8	2.775763838	33.82075277
15.81666666666667	19.14376384	37.27675277
15.83333333333333	26.58376384	34.54075277
15.85	25.14376384	54.46075277
15.86666666666667	10.88776384	72.74875277
15.88333333333333	18.42376384	72.02875277
15.9	17.17576384	69.38875277
15.91666666666667	8.631763837999999	58.92475277
15.93333333333333	37.38376384	55.51675277
15.95	11.27176384	68.38075277
15.96666666666667	-4.616236162	54.41275277
15.98333333333333	-32.93623616	80.38075277
16	-35.86423616	57.77275277
16.01666666666667	-23.91223616	48.36475277
16.03333333333333	-59.67223616	63.77275277
16.05	-54.00823616	47.88475277
16.06666666666667	-52.80823616	50.90875277
16.08333333333333	-73.40023616000001	50.57275277
16.1	-60.82423616	44.90875277
16.11666666666667	-58.28023616	61.42075277
16.13333333333333	-26.02423616	46.78075277
16.15	-6.536236162	44.18875277
16.16666666666667	-12.29623616	60.89275277
16.18333333333333	-20.02423616	62.95675277
16.2	-16.61623616	61.08475277
16.21666666666667	-18.87223616	66.17275277
16.23333333333333	-10.42423616	77.50075277000001
16.25	-20.93623616	74.38075277
16.26666666666667	-17.04823616	72.94075277
16.28333333333333	-14.69623616	52.39675277
16.3	-38.64823616	47.74075277
16.31666666666667	-27.84823616	70.30075277
16.33333333333333	-44.74423616	42.12475277
16.35	-58.90423616	40.78075277
16.36666666666667	-74.55223616000001	33.34075277
16.38333333333333	-75.84823616	65.40475277
16.4	-91.88023616	54.79675277
16.41666666666667	-98.74423616	67.42075277000001
16.43333333333333	-96.48823616	53.30875277
16.45	-81.80023616	37.80475277
16.46666666666667	-69.51223616	7.564752768
16.48333333333333	-60.24823616	13.94875277
16.5	-52.52023616	-0.499247232
16.51666666666667	-63.27223616	16.49275277
16.53333333333333	-34.90423616	22.10875277
16.55	-29.91223616	32.42875277
16.56666666666667	-34.66423616	14.28475277
16.58333333333333	-12.10423616	13.70875277
16.6	14.10376384	34.10875277
16.61666666666667	-4.040236162	32.18875277
16.63333333333333	-13.44823616	45.86875277
16.65	-16.61623616	31.18075277
16.66666666666667	-17.28823616	25.42075277
16.68333333333333	-0.776236162	52.39675277
16.7	-9.608236162000001	43.37275277
16.71666666666667	-19.68823616	0.604752768
16.73333333333333	-30.24823616	1.804752768
16.75	-33.65623616	-34.05124723
16.76666666666667	-31.11223616	-0.499247232
16.78333333333333	-30.68023616	-28.19524723
16.8	-34.56823616	7.228752768
16.81666666666667	-34.28023616	27.48475277
16.83333333333333	-22.47223616	13.75675277
16.85	-17.62423616	41.59675277
16.86666666666667	-20.02423616	45.38875277
16.88333333333333	-34.80823616	32.95675277
16.9	-29.48023616	24.55675277
16.91666666666667	-6.104236162	2.620752768
16.93333333333333	5.751763838	8.092752768
16.95	9.639763838	3.676752768
16.96666666666667	2.487763838	-28.14724723
16.98333333333333	-15.08023616	-10.43524723
17	-24.96823616	-49.89124723
17.01666666666667	-23.76823616	-28.91524723
17.03333333333333	-10.28023616	-26.13124723
17.05	11.89576384	-0.979247232
17.06666666666667	1.527763838	-28.72324723
17.08333333333333	18.90376384	-34.91524723
17.1	5.559763838	-13.69924723
17.11666666666667	21.92776384	-15.18724723
17.13333333333333	22.31176384	-4.531247232
17.15	14.53576384	-30.35524723
17.16666666666667	-5.384236162	-22.91524723
17.18333333333333	-0.392236162	-26.70724723
17.2	-0.5842361619999999	-24.88324723
17.21666666666667	1.863763838	-39.04324723
17.23333333333333	-1.160236162	-11.01124723
17.25	-16.80823616	-53.20324723
17.26666666666667	-4.712236162	-44.41924723
17.28333333333333	-8.888236162	-91.79524723
17.3	4.023763838	-78.83524722999999
17.31666666666667	10.45576384	-92.17924723
17.33333333333333	-0.488236162	-53.92324723
17.35	-7.880236162	-72.11524722999999
17.36666666666667	31.14376384	-41.39524723
17.38333333333333	25.28776384	-41.34724723
17.4	10.40776384	-37.36324723
17.41666666666667	-13.78423616	-51.33124723
17.43333333333333	-68.98423615999999	-34.38724723
17.45	-74.74423616	-6.307247232
17.46666666666667	-40.52023616	-29.25124723
17.48333333333333	-43.30423616	-28.43524723
17.5	-57.75223616	-28.86724723
17.51666666666667	-73.44823615999999	-1.651247232
17.53333333333333	-76.66423616	-7.219247232
17.55	-72.24823616	-12.64324723
17.56666666666667	-69.17623616	-43.93924723
17.58333333333333	-58.95223616	-30.30724723
17.6	-30.87223616	-43.60324723
17.61666666666667	-29.76823616	-26.46724723
17.63333333333333	-42.44023616	-31.60324723
17.65	-33.51223616	-44.32324723
17.66666666666667	-19.40023616	-10.05124723
17.68333333333333	3.639763838	-35.01124723
17.7	-14.64823616	-28.62724723
17.71666666666667	-5.624236162	-68.51524723
17.73333333333333	5.319763838	-34.09924723
17.75	-0.104236162	-26.13124723
17.76666666666667	0.6637638380000001	-0.787247232
17.78333333333333	-9.128236162	-17.58724723
17.8	16.31176384	10.82875277
17.81666666666667	23.17576384	-27.61924723
17.83333333333333	22.64776384	40.15675277
17.85	30.85576384	23.21275277
17.86666666666667	60.23176384	38.52475277
17.88333333333333	58.02376384	31.13275277
17.9	36.42376384	48.12475277
17.91666666666667	36.66376384	66.50875277
17.93333333333333	26.24776384	35.64475277
17.95	-31.20823616	41.88475277
17.96666666666667	-32.88823616	47.45275277
17.98333333333333	-1.736236162	32.76475277
18	3.543763838	17.50075277
18.01666666666667	-1.016236162	39.05275277
18.03333333333333	-1.640236162	28.10875277
18.05	-11.00023616	41.30875277
18.06666666666667	-30.10423616	15.96475277
18.08333333333333	-30.77623616	49.03675277
18.1	-40.71223616	36.07675277
18.11666666666667	-36.20023616	46.06075277
18.13333333333333	-50.69623616	75.91675277
18.15	-71.09623616	61.37275277
18.16666666666667	-89.81623616	93.77275277
18.18333333333333	-86.02423616	70.78075277000001
18.2	-84.87223616	64.82875276999999
18.21666666666667	-76.66423616	15.00475277
18.23333333333333	-64.28023616	22.92475277
18.25	-87.70423615999999	35.16475277
18.26666666666667	-86.60023615999999	33.77275277
18.28333333333333	-87.70423615999999	22.63675277
18.3	-93.70423615999999	90.79675277
18.31666666666667	-67.97623616	50.81275277
18.33333333333333	-38.55223616	52.82875277
18.35	-56.45623616	8.716752767999999
18.36666666666667	-27.80023616	21.14875277
18.38333333333333	2.007763838	3.292752768
18.4	-2.696236162	-17.05924723
18.41666666666667	-20.98423616	-20.03524723
18.43333333333333	-33.99223616	-36.88324723
18.45	-25.68823616	-23.20324723
18.46666666666667	-22.76023616	-11.44324723
18.48333333333333	-38.12023616	-23.53924723
18.5	-54.34423616	-58.81924723
18.51666666666667	-29.19223616	-44.51524723
18.53333333333333	-19.68823616	-76.14724723
18.55	-4.376236162	-58.00324723
18.56666666666667	-20.07223616	-52.72324723
18.58333333333333	-28.52023616	-37.60324723
18.6	-28.18423616	-42.64324723
18.61666666666667	-50.07223616	-7.219247232
18.63333333333333	-36.72823616	-18.64324723
18.65	-42.44023616	2.956752768
18.66666666666667	-41.76823616	-17.77924723
18.68333333333333	-65.00023616	-26.80324723
18.7	-60.10423616	-8.947247232
18.71666666666667	-48.00823616	-10.72324723
18.73333333333333	-51.99223616	0.076752768
18.75	-55.01623616	-34.81924723
18.76666666666667	-28.28023616	-44.85124723
18.78333333333333	-14.88823616	-38.13124723
18.8	-25.68823616	-23.82724723
18.81666666666667	-15.27223616	-14.94724723
18.83333333333333	-7.688236162	-38.51524723
18.85	-24.39223616	-44.37124723
18.86666666666667	-33.80023616	-39.13924723
18.88333333333333	-27.70423616	-34.91524723
18.9	-24.87223616	-12.01924723
18.91666666666667	-25.06423616	-20.46724723
18.93333333333333	-31.30423616	-3.715247232
18.95	-14.26423616	19.51675277
18.96666666666667	-9.320236162	10.15675277
18.98333333333333	30.61576384	9.532752768
19	33.87976384	16.25275277
19.01666666666667	7.143763838	23.45275277
19.03333333333333	16.11976384	31.90075277
19.05	-7.160236162	37.13275277
19.06666666666667	1.431763838	18.41275277
19.08333333333333	22.79176384	41.83675277
19.1	29.36776384	15.91675277
19.11666666666667	23.65576384	46.34875277
19.13333333333333	42.27976384	10.82875277
19.15	21.87976384	26.95675277
19.16666666666667	24.61576384	40.20475277
19.18333333333333	41.12776384	47.26075277
19.2	42.37576384	50.14075277
19.21666666666667	44.87176384	45.38875277
19.23333333333333	60.75976384	46.15675277
19.25	61.04776384	36.12475277
19.26666666666667	60.13576384	5.308752768
19.28333333333333	43.95976384	11.35675277
19.3	58.50376384	-36.93124723
19.31666666666667	59.27176384	-17.01124723
19.33333333333333	33.20776384	5.548752768
19.35	24.80776384	-10.86724723
19.36666666666667	22.45576384	-28.96324723
19.38333333333333	28.64776384	-24.21124723
19.4	29.75176384	-38.32324723
19.41666666666667	26.58376384	-43.60324723
19.43333333333333	16.02376384	-51.85924723
19.45	22.55176384	-43.41124723
19.46666666666667	39.78376384	-36.35524723
19.48333333333333	20.10376384	-32.61124723
19.5	18.95176384	-36.25924723
19.51666666666667	8.583763837999999	-38.61124723
19.53333333333333	6.183763838	-22.86724723
19.55	7.383763838	-8.275247232
19.56666666666667	-3.416236162	5.884752768
19.58333333333333	-19.30423616	-1.555247232
19.6	14.10376384	15.43675277
19.61666666666667	18.27976384	-8.467247232
19.63333333333333	20.72776384	5.212752768
19.65	9.207763838	-21.28324723
19.66666666666667	21.87976384	-27.28324723
19.68333333333333	13.62376384	-6.355247232
19.7	25.86376384	-8.659247232
19.71666666666667	50.05576384	-2.995247232
19.73333333333333	62.77576384	-13.84324723
19.75	70.26376384	1.036752768
19.76666666666667	71.41576384	-20.61124723
19.78333333333333	55.09576384	-6.355247232
19.8	80.77576384	-34.96324723
19.81666666666667	56.29576384	-19.02724723
19.83333333333333	66.66376384	-43.55524723
19.85	60.85576384	-37.07524723
19.86666666666667	77.41576384	-61.74724723
19.88333333333333	71.60776384	-56.89924723
19.9	60.71176384	-63.37924723
19.91666666666667	48.03976384	-60.01924723
19.93333333333333	45.92776384	-54.73924723
19.95	37.62376384	-36.11524723
19.96666666666667	50.58376384	-21.37924723
19.98333333333333	67.38376384	-8.131247232
20	75.44776383999999	3.100752768
20.01666666666667	88.93576384000001	-3.187247232
20.03333333333333	91.28776384	15.34075277
20.05	64.07176384	-43.26724723
20.06666666666667	57.83176384	8.956752767999999
20.08333333333333	54.90376384	-43.50724723
20.1	48.85576384	-2.995247232
20.11666666666667	53.79976384	-10.33924723
20.13333333333333	55.14376384	-24.01924723
20.15	77.99176384	-40.86724723
20.16666666666667	63.25576384	-28.24324723
20.18333333333333	57.54376384	-27.85924723
20.2	49.81576384	-17.82724723
20.21666666666667	41.03176384	-21.61924723
20.23333333333333	12.18376384	-12.06724723
20.25	37.62376384	9.628752768
20.26666666666667	38.34376384	-13.65124723
20.28333333333333	45.49576384	16.54075277
20.3	58.98376384	-10.57924723
20.31666666666667	54.47176384	33.19675277
20.33333333333333	37.38376384	-26.46724723
20.35	36.42376384	-7.411247232
20.36666666666667	37.52776384	-49.31524723
20.38333333333333	39.83176384	-37.79524723
20.4	32.19976384	-24.21124723
20.41666666666667	15.63976384	-6.595247232
20.43333333333333	-6.296236162	9.244752768
20.45	-12.44023616	-1.987247232
20.46666666666667	-18.34423616	-38.13124723
20.48333333333333	3.063763838	-31.26724723
20.5	-8.456236162	-19.55524723
20.51666666666667	13.28776384	-49.07524723
20.53333333333333	12.80776384	-33.71524723
20.55	37.47976384	-68.13124723
20.56666666666667	39.25576384	-23.44324723
20.58333333333333	19.33576384	-49.02724723
20.6	5.271763838	-48.06724723
20.61666666666667	-6.728236162	-36.21124723
20.63333333333333	-17.72023616	-15.23524723
20.65	-11.09623616	10.54075277
20.66666666666667	6.519763838	-10.67524723
20.68333333333333	6.039763838	-37.60324723
20.7	-4.328236162	-54.49924723
20.71666666666667	4.407763838	-31.50724723
20.73333333333333	2.295763838	-42.73924723
20.75	-23.67223616	-32.89924723
20.76666666666667	-14.21623616	-32.17924723
20.78333333333333	-9.608236162000001	-9.331247232000001
20.8	-18.20023616	-29.53924723
20.81666666666667	-2.360236162	-12.21124723
20.83333333333333	-6.776236162	-18.93124723
20.85	15.87976384	-21.90724723
20.86666666666667	-0.008236162	-59.82724723
20.88333333333333	7.959763838	-14.85124723
20.9	31.81576384	-15.81124723
20.91666666666667	-1.832236162	-0.115247232
20.93333333333333	-13.20823616	1.180752768
20.95	39.06376384	-34.09924723
20.96666666666667	57.25576384	-44.03524723
20.98333333333333	31.81576384	-63.37924723
21	29.07976384	-70.81924723
21.01666666666667	55.71976384	-51.23524723
21.03333333333333	40.50376384	-44.13124723
21.05	39.25576384	-48.97924723
21.06666666666667	35.84776384	-52.86724723
21.08333333333333	20.67976384	-69.52324723
21.1	12.23176384	-47.29924723
21.11666666666667	1.383763838	-49.84324723
21.13333333333333	-8.552236162	-49.93924723
21.15	-3.320236162	-29.63524723
21.16666666666667	-2.408236162	-17.10724723
21.18333333333333	-31.16023616	4.492752768
21.2	-20.84023616	18.07675277
21.21666666666667	-18.72823616	40.82875277
21.23333333333333	-9.512236162000001	38.71675277
21.25	-31.40023616	59.50075277
21.26666666666667	-42.96823616	44.90875277
21.28333333333333	-24.15223616	77.02075277
21.3	-14.88823616	38.04475277
21.31666666666667	-17.81623616	38.23675277
21.33333333333333	-3.944236162	-18.21124723
21.35	2.967763838	1.036752768
21.36666666666667	-24.00823616	-22.00324723
21.38333333333333	-24.96823616	-0.883247232
21.4	0.615763838	-24.35524723
21.41666666666667	-13.20823616	-28.09924723
21.43333333333333	0.519763838	-46.77124723
21.45	5.463763838	-5.635247232
21.46666666666667	-14.50423616	-15.66724723
21.48333333333333	15.73576384	-19.98724723
21.5	24.99976384	-35.77924723
21.51666666666667	3.351763838	-55.65124723
21.53333333333333	10.93576384	-72.11524722999999
21.55	7.527763838	-37.12324723
21.56666666666667	-10.23223616	-13.74724723
21.58333333333333	-0.488236162	-19.69924723
21.6	-15.22423616	-3.283247232
21.61666666666667	5.079763838	-18.40324723
21.63333333333333	-13.59223616	-6.691247232
21.65	-8.840236162	-31.02724723
21.66666666666667	-11.09623616	12.79675277
21.68333333333333	-4.088236162	-8.419247232
21.7	-3.656236162	30.79675277
21.71666666666667	4.311763838	41.64475277
21.73333333333333	-4.520236162	22.97275277
21.75	-9.896236161999999	26.23675277
21.76666666666667	-15.03223616	22.39675277
21.78333333333333	-1.640236162	39.24475277
21.8	-8.936236162	18.36475277
21.81666666666667	-18.68023616	-7.747247232
21.83333333333333	-11.14423616	-30.64324723
21.85	-18.34423616	-21.47524723
21.86666666666667	-1.640236162	-15.61924723
21.88333333333333	-12.58423616	5.740752768
21.9	0.951763838	-6.403247232
21.91666666666667	0.183763838	27.19675277
21.93333333333333	1.383763838	41.98075277
21.95	18.85576384	63.91675277
21.96666666666667	28.98376384	48.84475277
21.98333333333333	15.11176384	43.08475277
22	31.62376384	39.82075277
22.01666666666667	36.75976384	32.52475277
22.03333333333333	53.46376384	37.51675277
22.05	50.43976384	44.33275277
22.06666666666667	52.45576384	41.06875277
22.08333333333333	45.97576384	29.64475277
22.1	67.95976383999999	10.20475277
22.11666666666667	66.80776384000001	-24.73924723
22.13333333333333	82.26376384	-19.98724723
22.15	65.46376384	-15.23524723
22.16666666666667	74.67976384000001	36.50875277
22.18333333333333	69.25576384	18.31675277
22.2	53.12776384	11.64475277
22.21666666666667	41.36776384	-5.299247232
22.23333333333333	29.17576384	-4.963247232
22.25	32.72776384	-15.95524723
22.26666666666667	13.47976384	-18.11524723
22.28333333333333	47.79976384	-10.00324723
22.3	40.21576384	8.188752768000001
22.31666666666667	42.90376384	-16.77124723
22.33333333333333	24.27976384	-19.89124723
22.35	17.99176384	-15.04324723
22.36666666666667	-2.024236162	-14.99524723
22.38333333333333	-12.34423616	-2.515247232
22.4	-14.21623616	1.660752768
22.41666666666667	-25.06423616	-7.363247232
22.43333333333333	-25.54423616	-11.53924723
22.45	-30.15223616	-25.50724723
22.46666666666667	-14.02423616	-13.21924723
22.48333333333333	-15.51223616	-19.65124723
22.5	-17.48023616	-16.77124723
22.51666666666667	-22.95223616	-15.85924723
22.53333333333333	-7.352236162	-21.23524723
22.55	-11.14423616	-17.87524723
22.56666666666667	-6.872236162	-26.46724723
22.58333333333333	-18.05623616	-10.77124723
22.6	-31.16023616	1.756752768
22.61666666666667	-27.03223616	0.748752768
22.63333333333333	-18.53623616	-32.22724723
22.65	-31.40023616	-7.123247232
22.66666666666667	-39.46423616	3.388752768
22.68333333333333	-53.14423616	13.42075277
22.7	-69.51223616	10.10875277
22.71666666666667	-63.99223616	16.39675277
22.73333333333333	-68.88823616000001	23.21275277
22.75	-51.89623616	-36.49924723
22.76666666666667	-67.59223616	-19.74724723
22.78333333333333	-55.35223616	-15.95524723
22.8	-92.55223616000001	-11.29924723
22.81666666666667	-98.16823616000001	-6.643247232
22.83333333333333	-74.50423616	40.82875277
22.85	-83.00023616	14.28475277
22.86666666666667	-88.85623615999999	47.26075277
22.88333333333333	-95.33623616	44.57275277
22.9	-78.20023616	38.52475277
22.91666666666667	-82.76023616000001	21.38875277
22.93333333333333	-84.63223616000001	26.86075277
22.95	-61.30423616	30.31675277
22.96666666666667	-52.23223616	60.07675277
22.98333333333333	-65.81623616	60.46075277
23	-78.87223616	63.53275277
23.01666666666667	-78.20023616	89.54875276999999
23.03333333333333	-78.58423616	71.64475277
23.05	-75.56023616	67.56475277
23.06666666666667	-64.56823616	30.79675277
23.08333333333333	-42.82423616	25.42075277
23.1	-39.84823616	25.46875277
23.11666666666667	-40.61623616	37.80475277
23.13333333333333	-43.16023616	21.82075277
23.15	-48.39223616	25.18075277
23.16666666666667	-65.09623616	0.028752768
23.18333333333333	-59.09623616	-14.89924723
23.2	-72.24823616	-7.027247232
23.21666666666667	-75.84823616	-19.31524723
23.23333333333333	-71.76823616	-9.571247231999999
23.25	-111.8002362	-2.947247232
23.26666666666667	-108.2482362	-41.49124723
23.28333333333333	-75.70423615999999	-51.52324723
23.3	-54.92023616	-26.17924723
23.31666666666667	-35.38423616	-58.38724723
23.33333333333333	-38.79223616	4.588752768
23.35	-68.84023616	-33.47524723
23.36666666666667	-68.79223616	23.74075277
23.38333333333333	-67.16023616	5.404752768
23.4	-46.52023616	10.87675277
23.41666666666667	-43.35223616	1.228752768
23.43333333333333	-46.47223616	11.26075277
23.45	-59.33623616	9.484752768
23.46666666666667	-63.46423616	22.54075277
23.48333333333333	-49.68823616	24.79675277
23.5	-43.30423616	8.380752768000001
23.51666666666667	-72.44023616	10.25275277
23.53333333333333	-106.4242362	3.868752768
23.55	-109.2082362	18.17275277
23.56666666666667	-130.5682362	-12.97924723
23.58333333333333	-147.8002362	19.03675277
23.6	-115.2562362	-16.29124723
23.61666666666667	-94.61623616	18.70075277
23.63333333333333	-94.28023616	-32.03524723
23.65	-99.70423615999999	8.428752768000001
23.66666666666667	-76.80823616000001	-6.451247232
23.68333333333333	-62.21623616	-8.563247232
23.7	-32.31223616	-32.13124723
23.71666666666667	-26.02423616	-11.97124723
23.73333333333333	-17.67223616	-27.09124723
23.75	-13.83223616	-47.01124723
23.76666666666667	-22.37623616	-77.63524723
23.78333333333333	-30.72823616	-74.89924723
23.8	-33.22423616	-51.47524723
23.81666666666667	-30.44023616	-49.50724723
23.83333333333333	-28.04023616	-41.77924723
23.85	8.199763838000001	-60.69124723
23.86666666666667	22.74376384	-35.01124723
23.88333333333333	26.63176384	-44.85124723
23.9	29.07976384	-11.82724723
23.91666666666667	35.89576384	-41.39524723
23.93333333333333	35.84776384	-36.73924723
23.95	42.42376384	-25.26724723
23.96666666666667	43.52776384	-19.02724723
23.98333333333333	24.85576384	-4.099247232
24	60.32776384	-8.659247232
24.01666666666667	20.00776384	-6.595247232
24.03333333333333	29.84776384	-18.40324723
24.05	33.39976384	-2.563247232
24.06666666666667	22.26376384	15.77275277
24.08333333333333	31.86376384	35.11675277
24.1	23.51176384	15.72475277
24.11666666666667	11.36776384	34.01275277
24.13333333333333	7.431763838	-19.55524723
24.15	43.71976384	0.988752768
24.16666666666667	11.22376384	-38.51524723
24.18333333333333	25.71976384	-26.46724723
24.2	32.63176384	-52.86724723
24.21666666666667	34.35976384	-20.22724723
24.23333333333333	59.65576384	-9.283247232000001
24.25	45.73576384	-2.083247232
24.26666666666667	43.91176384	-25.26724723
24.28333333333333	65.89576384	-19.45924723
24.3	58.59976384	-37.93924723
24.31666666666667	44.77576384	8.380752768000001
24.33333333333333	71.17576384	30.79675277
24.35	65.03176384	22.63675277
24.36666666666667	65.89576384	36.46075277
24.38333333333333	37.95976384	27.24475277
24.4	64.83976384	61.80475277
24.41666666666667	58.64776384	10.73275277
24.43333333333333	61.33576384	30.79675277
24.45	57.11176384	16.20475277
24.46666666666667	57.92776384	4.588752768
24.48333333333333	48.47176384	6.652752768
24.5	35.84776384	8.284752768000001
24.51666666666667	19.47976384	20.90875277
24.53333333333333	23.75176384	6.220752768
24.55	16.07176384	4.828752768
24.56666666666667	10.50376384	12.12475277
24.58333333333333	11.22376384	15.62875277
24.6	-2.312236162	7.276752768
24.61666666666667	-2.312236162	53.35675277
24.63333333333333	-9.800236161999999	36.41275277
24.65	-4.856236162	82.39675277000001
24.66666666666667	5.895763838	64.73275277
24.68333333333333	38.91976384	119.5487528
24.7	31.95976384	90.12475277
24.71666666666667	48.27976384	94.34875277
24.73333333333333	30.32776384	89.83675277
24.75	29.79976384	91.90075277
24.76666666666667	21.35176384	71.26075277
24.78333333333333	-3.992236162	68.86075277
24.8	-27.27223616	26.28475277
24.81666666666667	-30.87223616	49.80475277
24.83333333333333	-32.07223616	60.55675277
24.85	-37.40023616	36.46075277
24.86666666666667	-57.17623616	48.02875277
24.88333333333333	-45.36823616	9.340752768
24.9	-17.52823616	31.27675277
24.91666666666667	-11.81623616	0.652752768
24.93333333333333	-24.87223616	37.42075277
24.95	-13.64023616	54.50875277
24.96666666666667	-2.216236162	47.06875277
24.98333333333333	-19.16023616	60.36475277
25	1.575763838	66.02875277
25.01666666666667	-0.632236162	99.96475277
25.03333333333333	-21.56023616	107.1647528
25.05	-28.71223616	84.79675277
25.06666666666667	-35.52823616	77.88475277000001
25.08333333333333	-53.62423616	73.37275277000001
25.1	-30.20023616	61.70875277
25.11666666666667	-58.08823616	64.06075276999999
25.13333333333333	-28.08823616	59.98075277
25.15	-21.41623616	52.49275277
25.16666666666667	-22.61623616	43.56475277
25.18333333333333	-23.38423616	44.04475277
25.2	-28.76023616	53.45275277
25.21666666666667	-10.23223616	52.15675277
25.23333333333333	-5.768236162	22.78075277
25.25	-57.51223616	29.59675277
25.26666666666667	-67.40023616000001	37.99675277
25.28333333333333	-54.29623616	25.80475277
25.3	-52.28023616	53.78875277
25.31666666666667	-96.92023616	57.62875277
25.33333333333333	-101.7682362	69.34075276999999
25.35	-112.0402362	68.71675277
25.36666666666667	-97.44823615999999	58.63675277
25.38333333333333	-113.1442362	63.67675277
25.4	-126.6322362	43.32475277
25.41666666666667	-122.3122362	48.07675277
25.43333333333333	-113.4802362	31.51675277
25.45	-85.25623616	5.068752768
25.46666666666667	-94.52023616	-4.339247232
25.48333333333333	-113.4802362	-30.01924723
25.5	-104.4562362	-12.59524723
25.51666666666667	-64.85623615999999	-34.91524723
25.53333333333333	-82.85623615999999	-32.75524723
25.55	-77.96023615999999	-49.21924723
25.56666666666667	-56.60023616	-71.58724723
25.58333333333333	-47.28823616	-48.30724723
25.6	-28.56823616	-23.82724723
25.61666666666667	-33.89623616	-52.62724723
25.63333333333333	-39.70423616	-8.851247232
25.65	-9.656236162000001	-30.16324723
25.66666666666667	-30.87223616	6.076752768
25.68333333333333	-30.48823616	-4.819247232
25.7	-24.10423616	10.01275277
25.71666666666667	-24.20023616	-13.79524723
25.73333333333333	-8.504236162	-16.86724723
25.75	35.17576384	-18.40324723
25.76666666666667	20.00776384	17.11675277
25.78333333333333	13.33576384	-4.147247232
25.8	23.07976384	-1.747247232
25.81666666666667	32.39176384	11.74075277
25.83333333333333	36.03976384	5.788752768
25.85	41.70376384	23.21275277
25.86666666666667	49.04776384	9.484752768
25.88333333333333	34.07176384	18.12475277
25.9	41.07976384	-1.075247232
25.91666666666667	71.70376383999999	-18.88324723
25.93333333333333	65.75176384	-6.931247232
25.95	64.21576383999999	-0.115247232
25.96666666666667	72.56776384	-9.283247232000001
25.98333333333333	80.15176384	-21.37924723
26	97.09576384	-26.61124723
26.01666666666667	88.45576384	-18.59524723
26.03333333333333	72.37576384	-11.15524723
26.05	42.51976384	13.70875277
26.06666666666667	25.76776384	22.44475277
26.08333333333333	22.26376384	16.15675277
26.1	15.87976384	18.94075277
26.11666666666667	2.535763838	-30.88324723
26.13333333333333	-8.456236162	-11.44324723
26.15	-35.81623616	-12.01924723
26.16666666666667	-28.23223616	-21.04324723
26.18333333333333	-14.74423616	3.532752768
26.2	-5.672236162	31.94875277
26.21666666666667	14.15176384	4.348752768
26.23333333333333	-3.512236162	9.580752768
26.25	-30.44023616	-32.70724723
26.26666666666667	-4.376236162	-29.39524723
26.28333333333333	-30.10423616	-51.66724723
26.3	-4.712236162	-62.75524723
26.31666666666667	24.42376384	-59.87524723
26.33333333333333	17.79976384	-46.53124723
26.35	5.079763838	-44.37124723
26.36666666666667	2.151763838	-48.78724723
26.38333333333333	-8.552236162	-42.69124723
26.4	-12.68023616	-34.29124723
26.41666666666667	-21.70423616	-2.899247232
26.43333333333333	-18.44023616	-34.77124723
26.45	-15.27223616	-16.72324723
26.46666666666667	-4.712236162	-49.84324723
26.48333333333333	-22.13623616	-43.98724723
26.5	-17.81623616	-51.81124723
26.51666666666667	-16.47223616	-39.61924723
26.53333333333333	-15.17623616	-35.15524723
26.55	-8.456236162	-29.73124723
26.56666666666667	-0.104236162	-19.21924723
26.58333333333333	24.71176384	-26.08324723
26.6	28.59976384	-34.09924723
26.61666666666667	38.29576384	-55.21924723
26.63333333333333	60.23176384	-33.18724723
26.65	32.53576384	-56.75524723
26.66666666666667	27.11176384	-21.61924723
26.68333333333333	40.02376384	-46.43524723
26.7	32.72776384	-17.05924723
26.71666666666667	26.87176384	-47.97124723
26.73333333333333	50.19976384	-49.93924723
26.75	36.66376384	-42.16324723
26.76666666666667	11.03176384	-14.22724723
26.78333333333333	14.87176384	-19.26724723
26.8	-14.74423616	-14.17924723
26.81666666666667	-6.104236162	-50.32324723
26.83333333333333	-4.664236162	-8.611247232
26.85	-21.65623616	-24.64324723
26.86666666666667	11.36776384	-38.75524723
26.88333333333333	11.07976384	-5.923247232
26.9	2.295763838	-41.49124723
26.91666666666667	9.351763838	-13.41124723
26.93333333333333	10.83976384	-44.85124723
26.95	14.77576384	-17.49124723
26.96666666666667	29.17576384	-34.67524723
26.98333333333333	10.11976384	-8.611247232
27	-14.16823616	-11.97124723
27.01666666666667	-1.544236162	-1.747247232
27.03333333333333	26.10376384	-4.483247232
27.05	46.40776384	34.15675277
27.06666666666667	64.16776384000001	15.05275277
27.08333333333333	51.92776384	40.39675277
27.1	66.99976384	-2.131247232